"seqnames"	"start"	"end"	"width"	"strand"	"block_mean"	"block_sum"	"L"	"PC"	"imp"
"chr18.1"	"chr18"	48650	48821	172	"*"	345.2	5178	15	0.837646297877624	0.1
"chr18.2"	"chr18"	49506	49749	244	"*"	343.666666666667	8248	24	0.786248329640739	0.163461538461538
"chr18.3"	"chr18"	73022	73175	154	"*"	355.807692307692	9251	26	0.745458372471698	0.105029585798817
"chr18.4"	"chr18"	73189	73409	221	"*"	456.975	18279	40	0.562115687030356	0.075
"chr18.5"	"chr18"	73446	73562	117	"*"	481.666666666667	8670	18	0.313300906113469	0.0192307692307692
"chr18.6"	"chr18"	75524	75865	342	"*"	378.052631578947	14366	38	0.757441384068266	0.13663967611336
"chr18.7"	"chr18"	75715	75771	57	"*"	527.882352941176	8974	17	0.713682570907214	0.0588235294117647
"chr18.8"	"chr18"	76012	76056	45	"*"	219.375	1755	8	0.377139164135005	0.206730769230769
"chr18.11"	"chr18"	499316	499721	406	"*"	325.763157894737	12379	38	0.0442014883156128	0.0951417004048583
"chr18.13"	"chr18"	500922	500967	46	"*"	256	1536	6	0.0401172559067296	0.121794871794872
"chr18.14"	"chr18"	596757	597254	498	"*"	326.25	13050	40	0.0540433073720592	0.0971153846153846
"chr18.16"	"chr18"	672819	673112	294	"*"	739.384615384615	9612	13	0.831548219475649	0.0473372781065089
"chr18.18"	"chr18"	712683	713270	588	"*"	362.014925373134	24255	67	0.203941213170483	0.118254879448909
"chr18.21"	"chr18"	903798	903830	33	"*"	593.4	5934	10	0.182060134315172	0
"chr18.22"	"chr18"	904851	904960	110	"*"	545.157894736842	10358	19	0.0871817939965085	0.0404858299595142
"chr18.23"	"chr18"	905450	905560	111	"*"	587.466666666667	8812	15	0.191049850843756	0.0230769230769231
"chr18.24"	"chr18"	908169	908188	20	"*"	256.272727272727	2819	11	0.0368698854718094	0.167832167832168
"chr18.25"	"chr18"	908392	908505	114	"*"	243.5	4383	18	0.134847419862403	0.158119658119658
"chr18.26"	"chr18"	909086	909207	122	"*"	439.9375	7039	16	0.182101370222558	0.0528846153846154
"chr18.27"	"chr18"	909179	909194	16	"*"	382.333333333333	3441	9	0.217920073532666	0.115384615384615
"chr18.28"	"chr18"	1098276	1098304	29	"*"	273.6	1368	5	0.877462882993979	0.176923076923077
"chr18.29"	"chr18"	1099226	1099270	45	"*"	301.333333333333	2712	9	0.927477929441278	0.14957264957265
"chr18.34"	"chr18"	2846183	2846426	244	"*"	1228.55555555556	11057	9	0.136815112348346	0.0598290598290598
"chr18.37"	"chr18"	2907165	2907350	186	"*"	550.923076923077	14324	26	0.060052121677245	0.0562130177514793
"chr18.38"	"chr18"	2946805	2946945	141	"*"	856.272727272727	9419	11	0.900587417134192	0.020979020979021
"chr18.39"	"chr18"	2947767	2947974	208	"*"	363.888888888889	3275	9	0.873346197559221	0.141025641025641
"chr18.46"	"chr18"	3412090	3412200	111	"*"	399.931034482759	11598	29	0.132836428148557	0.0928381962864721
"chr18.53"	"chr18"	3499705	3499874	170	"*"	430	3010	7	0.453505568370717	0.0384615384615385
"chr18.56"	"chr18"	3879132	3879337	206	"*"	457.545454545455	15099	33	0.908683775691769	0.108391608391608
"chr18.57"	"chr18"	3879555	3879653	99	"*"	261.285714285714	1829	7	0.870272027878629	0.21978021978022
"chr18.58"	"chr18"	3879983	3880125	143	"*"	546.08	13652	25	0.898729913003126	0.0630769230769231
"chr18.60"	"chr18"	5196318	5196498	181	"*"	446.354838709677	13837	31	0.35477725234062	0.0794044665012407
"chr18.67"	"chr18"	5544209	5544241	33	"*"	468.181818181818	5150	11	0.0438327392454005	0.0454545454545455
"chr18.71"	"chr18"	5891899	5892067	169	"*"	390.869565217391	8990	23	0.747097288777643	0.108695652173913
"chr18.72"	"chr18"	6284353	6284615	263	"*"	420	18480	44	0.906211989848075	0.107517482517483
"chr18.73"	"chr18"	6284869	6284977	109	"*"	236.857142857143	1658	7	0.874518277758335	0.153846153846154
"chr18.77"	"chr18"	6920559	6920921	363	"*"	371.666666666667	15610	42	0.842955985841691	0.136446886446886
"chr18.78"	"chr18"	6929389	6929853	465	"*"	366.111111111111	13180	36	0.793888999704814	0.135683760683761
"chr18.80"	"chr18"	7011270	7011475	206	"*"	856.838709677419	26562	31	0.540756652344693	0.00620347394540943
"chr18.82"	"chr18"	7038786	7038869	84	"*"	350.444444444444	3154	9	0.382182657249789	0.106837606837607
"chr18.83"	"chr18"	7038852	7038945	94	"*"	482.888888888889	4346	9	0.374713574102262	0.0299145299145299
"chr18.84"	"chr18"	7116423	7116736	314	"*"	676.607142857143	18945	28	0.0499399920009976	0.0535714285714286
"chr18.86"	"chr18"	7117760	7117797	38	"*"	291.111111111111	2620	9	0.0839121005291186	0.179487179487179
"chr18.87"	"chr18"	7178723	7178799	77	"*"	411	3699	9	0.824339472807307	0.0213675213675214
"chr18.88"	"chr18"	7362229	7362375	147	"*"	314	2826	9	0.508268006515461	0.132478632478632
"chr18.92"	"chr18"	8366850	8366882	33	"*"	438.444444444444	3946	9	0.77402403251064	0.0854700854700855
"chr18.93"	"chr18"	8366939	8366989	51	"*"	1065.44444444444	9589	9	0.786297818486559	0
"chr18.95"	"chr18"	8608876	8609168	293	"*"	539.741935483871	16732	31	0.0736981576851509	0.0905707196029777
"chr18.97"	"chr18"	8662632	8662731	100	"*"	1513.42857142857	10594	7	0.537571438670208	0.00549450549450549
"chr18.102"	"chr18"	8708559	8708657	99	"*"	544.111111111111	4897	9	0.837812758977782	0.047008547008547
"chr18.103"	"chr18"	8717904	8717928	25	"*"	1212.6	6063	5	0.788496459857799	0.0769230769230769
"chr18.104"	"chr18"	8800226	8800279	54	"*"	648	7776	12	0.828475710038225	0.0416666666666667
"chr18.105"	"chr18"	8934764	8934902	139	"*"	252.666666666667	3032	12	0.754526530262005	0.163461538461538
"chr18.106"	"chr18"	8935460	8935774	315	"*"	247.769230769231	6442	26	0.882585444075064	0.150887573964497
"chr18.110"	"chr18"	9333900	9333989	90	"*"	535	3745	7	0.0715452915341105	0.0274725274725275
"chr18.111"	"chr18"	9333908	9333956	49	"*"	396.666666666667	5950	15	0.163109984735455	0.058974358974359
"chr18.116"	"chr18"	9707658	9707834	177	"*"	350.4375	5607	16	0.225752288566173	0.0673076923076923
"chr18.117"	"chr18"	9707863	9707948	86	"*"	377.35	7547	20	0.180878080282931	0.0769230769230769
"chr18.119"	"chr18"	9912837	9913009	173	"*"	1454.69230769231	18911	13	0.855884133561013	0
"chr18.122"	"chr18"	10032649	10032884	236	"*"	437.657894736842	16631	38	0.33976878639714	0.0668016194331984
"chr18.123"	"chr18"	10414415	10414577	163	"*"	1107.76	27694	25	0.882558464765351	0.0261538461538462
"chr18.125"	"chr18"	10525450	10525531	82	"*"	550.583333333333	6607	12	0.447717991347323	0.0673076923076923
"chr18.127"	"chr18"	10726416	10726613	198	"*"	491.622222222222	22123	45	0.162790545960127	0.0572649572649573
"chr18.128"	"chr18"	10726637	10726669	33	"*"	605.307692307692	7869	13	0.242555395475625	0.0029585798816568
"chr18.129"	"chr18"	11148589	11148712	124	"*"	363.25	7265	20	0.120834500194158	0.159615384615385
"chr18.130"	"chr18"	11148681	11148717	37	"*"	365.833333333333	2195	6	0.168142821695997	0.108974358974359
"chr18.131"	"chr18"	11148711	11148778	68	"*"	291.192307692308	7571	26	0.128965556418358	0.214497041420118
"chr18.133"	"chr18"	11432419	11432644	226	"*"	397.818181818182	8752	22	0.859387416904261	0.0961538461538462
"chr18.135"	"chr18"	11751558	11751611	54	"*"	401.3	8026	20	0.0953531586760238	0.0769230769230769
"chr18.136"	"chr18"	11752128	11752151	24	"*"	228.25	1826	8	0.156235129703646	0.201923076923077
"chr18.137"	"chr18"	11752463	11752564	102	"*"	295.684210526316	5618	19	0.0923143029417481	0.145748987854251
"chr18.138"	"chr18"	11752617	11752669	53	"*"	374.888888888889	3374	9	0.0717815458508055	0.0982905982905983
"chr18.139"	"chr18"	11850119	11850222	104	"*"	537.4	5374	10	0.0866820456724779	0.00384615384615385
"chr18.140"	"chr18"	11850181	11850221	41	"*"	360.111111111111	3241	9	0.083776778857286	0.0384615384615385
"chr18.143"	"chr18"	11947832	11948155	324	"*"	262	5240	20	0.441121547860005	0.157692307692308
"chr18.144"	"chr18"	11948109	11948156	48	"*"	340.777777777778	3067	9	0.563985085199027	0.106837606837607
"chr18.149"	"chr18"	12076366	12076528	163	"*"	534.592592592593	14434	27	0.329645680443728	0.0555555555555556
"chr18.151"	"chr18"	12092899	12093015	117	"*"	380.533333333333	5708	15	0.37131118372254	0.107692307692308
"chr18.153"	"chr18"	12287250	12287669	420	"*"	473.475409836066	28882	61	0.15470432141877	0.0662042875157629
"chr18.159"	"chr18"	12376149	12376288	140	"*"	424.235294117647	7212	17	0.154082190914207	0.0723981900452489
"chr18.164"	"chr18"	12556436	12556623	188	"*"	362.071428571429	5069	14	0.87695049264006	0.151098901098901
"chr18.165"	"chr18"	12557179	12557299	121	"*"	396.090909090909	4357	11	0.893947096824996	0.0769230769230769
"chr18.166"	"chr18"	12557484	12557556	73	"*"	409.181818181818	4501	11	0.85322437555471	0.0944055944055944
"chr18.167"	"chr18"	12559353	12559587	235	"*"	246.571428571429	1726	7	0.913558254393797	0.214285714285714
"chr18.168"	"chr18"	12656977	12657221	245	"*"	628.513513513514	23255	37	0.0283639055425773	0.0582120582120582
"chr18.171"	"chr18"	12773916	12774108	193	"*"	339.888888888889	3059	9	0.883048895908023	0.145299145299145
"chr18.172"	"chr18"	12775728	12775918	191	"*"	297.066666666667	4456	15	0.830510282268613	0.153846153846154
"chr18.173"	"chr18"	12776879	12776903	25	"*"	235.4	1177	5	0.835905169399209	0.169230769230769
"chr18.174"	"chr18"	12776998	12777280	283	"*"	410.254901960784	20923	51	0.56257164948319	0.083710407239819
"chr18.175"	"chr18"	12777712	12777907	196	"*"	283.6875	4539	16	0.74624184414403	0.144230769230769
"chr18.176"	"chr18"	12778031	12778085	55	"*"	261.375	2091	8	0.827747298133011	0.177884615384615
"chr18.178"	"chr18"	12896896	12897014	119	"*"	255.083333333333	3061	12	0.0773117071361887	0.0705128205128205
"chr18.179"	"chr18"	12911455	12911465	11	"*"	345.166666666667	2071	6	0.196378862060068	0.121794871794872
"chr18.180"	"chr18"	12911702	12911729	28	"*"	486.125	3889	8	0.190008971020767	0.0288461538461538
"chr18.182"	"chr18"	12948638	12948721	84	"*"	538.2	5382	10	0.0887126065830336	0.0192307692307692
"chr18.187"	"chr18"	13222525	13222659	135	"*"	768.041666666667	18433	24	0.227043050081229	0.00480769230769231
"chr18.188"	"chr18"	13263164	13263271	108	"*"	217.25	3476	16	0.863895036094661	0.230769230769231
"chr18.189"	"chr18"	13502004	13502132	129	"*"	636.357142857143	8909	14	0.529080340581239	0.021978021978022
"chr18.190"	"chr18"	13611340	13611534	195	"*"	757.833333333333	13641	18	0.360093741224632	0.0106837606837607
"chr18.191"	"chr18"	13611806	13611872	67	"*"	369.777777777778	3328	9	0.272702875419146	0.0769230769230769
"chr18.192"	"chr18"	13641713	13641926	214	"*"	244.851851851852	6611	27	0.434223498797672	0.173789173789174
"chr18.198"	"chr18"	14178946	14178968	23	"*"	448.888888888889	4040	9	0.0466662320700173	0.0213675213675214
"chr18.199"	"chr18"	14179365	14179578	214	"*"	593.08	14827	25	0.152013590814272	0.0246153846153846
"chr18.200"	"chr18"	14179463	14179490	28	"*"	734.777777777778	6613	9	0.135787191069961	0
"chr18.201"	"chr18"	14393193	14393289	97	"*"	419.235294117647	7127	17	0.898919430744319	0.0565610859728507
"chr18.203"	"chr18"	14450779	14450800	22	"*"	336.272727272727	3699	11	0.0260913700328329	0.216783216783217
"chr18.204"	"chr18"	14458091	14458298	208	"*"	528	18480	35	0.289679441251245	0.0604395604395604
"chr18.206"	"chr18"	14458637	14458946	310	"*"	573.052631578947	21776	38	0.0994365363348499	0.097165991902834
"chr18.207"	"chr18"	14458992	14459028	37	"*"	569.571428571429	3987	7	0.561430066708907	0
"chr18.208"	"chr18"	14459139	14459185	47	"*"	359.5	2157	6	0.781167571051718	0.128205128205128
"chr18.209"	"chr18"	14460595	14460786	192	"*"	338.380952380952	7106	21	0.758040325590427	0.0897435897435897
"chr18.210"	"chr18"	14747796	14747829	34	"*"	292.4	1462	5	0.355139020333875	0.0307692307692308
"chr18.211"	"chr18"	14747911	14747930	20	"*"	374.8	1874	5	0.367561636356729	0
"chr18.212"	"chr18"	14748041	14748513	473	"*"	605.304347826087	41766	69	0.264872743009691	0.0429208472686734
"chr18.213"	"chr18"	14999781	14999878	98	"*"	286.761904761905	6022	21	0.400470159723272	0.179487179487179
"chr18.214"	"chr18"	15165231	15165342	112	"*"	403.321428571429	11293	28	0.388100584654575	0.0631868131868132
"chr18.215"	"chr18"	15197747	15197813	67	"*"	520.666666666667	3124	6	0.253502234988747	0
"chr18.216"	"chr18"	15197801	15197945	145	"*"	403.363636363636	8874	22	0.114319008458419	0.0996503496503496
"chr18.217"	"chr18"	15198077	15198134	58	"*"	180.6	1806	10	0.253513840870459	0.180769230769231
"chr18.218"	"chr18"	15198234	15198310	77	"*"	250.3125	4005	16	0.24919749224856	0.225961538461538
"chr18.219"	"chr18"	15330187	15331160	974	"*"	465.714285714286	48900	105	0.841038360590096	0.100732600732601
"chr18.220"	"chr18"	15331475	15331580	106	"*"	300	4500	15	0.872499719044495	0.105128205128205
"chr18.232"	"chr18"	21896909	21897075	167	"*"	643.5	7722	12	0.555294277653879	0.0192307692307692
"chr18.234"	"chr18"	22172382	22172401	20	"*"	682.222222222222	6140	9	0.438969383650401	0
"chr18.235"	"chr18"	22176937	22176999	63	"*"	255.875	4094	16	0.112638819990551	0.117788461538462
"chr18.236"	"chr18"	22177012	22177031	20	"*"	347.555555555556	3128	9	0.129549005800551	0.0512820512820513
"chr18.237"	"chr18"	22349148	22349197	50	"*"	420.666666666667	3786	9	0.0723194704572514	0.0341880341880342
"chr18.238"	"chr18"	22349513	22349555	43	"*"	917	5502	6	0.470127474733902	0
"chr18.239"	"chr18"	22417936	22417994	59	"*"	1105.9	11059	10	0.640570266333192	0
"chr18.242"	"chr18"	23131907	23132022	116	"*"	457.444444444444	4117	9	0.0244744697231482	0.0598290598290598
"chr18.245"	"chr18"	23136947	23137107	161	"*"	380.176470588235	12926	34	0.23942191897407	0.0735294117647059
"chr18.246"	"chr18"	23231354	23231587	234	"*"	647.666666666667	11658	18	0.399789239800742	0.032051282051282
"chr18.258"	"chr18"	23872766	23873042	277	"*"	582.269230769231	15139	26	0.394008746113014	0.0769230769230769
"chr18.259"	"chr18"	23873167	23873221	55	"*"	677.5	4065	6	0.406955246770696	0.0128205128205128
"chr18.264"	"chr18"	24376807	24376863	57	"*"	314.545454545455	3460	11	0.896515788092	0.136363636363636
"chr18.267"	"chr18"	25349266	25349304	39	"*"	645.5	7746	12	0.0666865359687904	0.00961538461538462
"chr18.271"	"chr18"	26133765	26134120	356	"*"	854.095238095238	53808	63	0.631428923344757	0
"chr18.275"	"chr18"	26547569	26548708	1140	"*"	384.671328671329	55008	143	0.107338676071658	0.121839698762776
"chr18.278"	"chr18"	26551321	26551533	213	"*"	863.652173913043	19864	23	0.146779283578494	0.00836120401337793
"chr18.280"	"chr18"	27185127	27185289	163	"*"	413.384615384615	10748	26	0.0325325385033635	0.0976331360946746
"chr18.281"	"chr18"	28175631	28175646	16	"*"	227.4	1137	5	0.0745520902551446	0.176923076923077
"chr18.283"	"chr18"	29398918	29399049	132	"*"	345.181818181818	3797	11	0.658393013683775	0.125874125874126
"chr18.284"	"chr18"	29399247	29399303	57	"*"	292.888888888889	2636	9	0.831788733405757	0.183760683760684
"chr18.285"	"chr18"	30174277	30174483	207	"*"	369	4059	11	0.760818547322794	0.115384615384615
"chr18.286"	"chr18"	30175515	30175579	65	"*"	264.285714285714	1850	7	0.84972354543781	0.142857142857143
"chr18.287"	"chr18"	30788472	30788827	356	"*"	394.151515151515	13007	33	0.834311626088875	0.111888111888112
"chr18.288"	"chr18"	30789443	30789658	216	"*"	447.157894736842	8496	19	0.701917224854859	0.137651821862348
"chr18.289"	"chr18"	30838343	30838743	401	"*"	460.2	16107	35	0.829574774337502	0.103296703296703
"chr18.290"	"chr18"	30839147	30839232	86	"*"	349.666666666667	4196	12	0.844740807813596	0.0897435897435897
"chr18.291"	"chr18"	30839441	30839734	294	"*"	343.16	8579	25	0.860890364523851	0.103076923076923
"chr18.292"	"chr18"	31041670	31041685	16	"*"	593.666666666667	5343	9	0.0576273301899427	0.0213675213675214
"chr18.293"	"chr18"	31042306	31042498	193	"*"	310	6200	20	0.0605542098563412	0.126923076923077
"chr18.294"	"chr18"	31042307	31042332	26	"*"	283.3	2833	10	0.185433714894127	0.146153846153846
"chr18.295"	"chr18"	31042621	31042669	49	"*"	481.8	4818	10	0.0517802714255472	0.0807692307692308
"chr18.296"	"chr18"	31042628	31042642	15	"*"	546.777777777778	4921	9	0.0598488695737837	0.0427350427350427
"chr18.302"	"chr18"	31724186	31724290	105	"*"	397.52	9938	25	0.0901903435626028	0.0261538461538462
"chr18.303"	"chr18"	31724415	31724529	115	"*"	361.727272727273	3979	11	0.148491467254048	0.0839160839160839
"chr18.304"	"chr18"	31724466	31724582	117	"*"	509.363636363636	5603	11	0.114079606291257	0.00699300699300699
"chr18.305"	"chr18"	31760860	31760967	108	"*"	516.592592592593	13948	27	0.841059091320121	0.0712250712250712
"chr18.310"	"chr18"	32139897	32139960	64	"*"	396.529411764706	6741	17	0.867570865628323	0.0972850678733032
"chr18.314"	"chr18"	32772947	32773163	217	"*"	493.421052631579	9375	19	0.325330501062468	0.0506072874493927
"chr18.315"	"chr18"	32794406	32795052	647	"*"	314.628571428571	22024	70	0.880146173365572	0.14010989010989
"chr18.316"	"chr18"	33316365	33316479	115	"*"	268.1	2681	10	0.889097001346496	0.157692307692308
"chr18.317"	"chr18"	33317214	33317354	141	"*"	393.272727272727	4326	11	0.774071859099724	0.125874125874126
"chr18.318"	"chr18"	33317379	33317458	80	"*"	494.307692307692	6426	13	0.872752709243594	0.0739644970414201
"chr18.321"	"chr18"	34159429	34159546	118	"*"	442.24	11056	25	0.139407705798426	0.0415384615384615
"chr18.322"	"chr18"	34222990	34223298	309	"*"	418.169811320755	22163	53	0.0546469159249326	0.0486211901306241
"chr18.324"	"chr18"	34233972	34234234	263	"*"	423.921052631579	16109	38	0.870220755749105	0.137651821862348
"chr18.325"	"chr18"	34234735	34235175	441	"*"	503.684210526316	9570	19	0.827390297505653	0.121457489878543
"chr18.326"	"chr18"	34494225	34494550	326	"*"	315.787878787879	10421	33	0.0651065020705634	0.124708624708625
"chr18.331"	"chr18"	35267541	35267648	108	"*"	539.5	7553	14	0.0314119202988841	0.043956043956044
"chr18.332"	"chr18"	35267871	35267895	25	"*"	233	1165	5	0.304818602154441	0.246153846153846
"chr18.340"	"chr18"	35949998	35950546	549	"*"	448.2375	35859	80	0.0878387465400044	0.0802884615384615
"chr18.347"	"chr18"	36760622	36760887	266	"*"	395	18170	46	0.895571332384921	0.13628762541806
"chr18.350"	"chr18"	37243980	37244054	75	"*"	212.538461538462	2763	13	0.196420121574691	0.14792899408284
"chr18.351"	"chr18"	37254717	37254784	68	"*"	730.909090909091	8040	11	0.335768395707468	0.0384615384615385
"chr18.355"	"chr18"	37567222	37567272	51	"*"	532.214285714286	7451	14	0.0532326809854887	0.00274725274725275
"chr18.356"	"chr18"	38941410	38941570	161	"*"	358.529411764706	6095	17	0.569717485162107	0.19683257918552
"chr18.357"	"chr18"	38944443	38944521	79	"*"	287.363636363636	3161	11	0.801696409777402	0.108391608391608
"chr18.358"	"chr18"	39308876	39309206	331	"*"	219.391304347826	5046	23	0.82033921720866	0.197324414715719
"chr18.359"	"chr18"	39309382	39309454	73	"*"	304.833333333333	1829	6	0.836146411160727	0.147435897435897
"chr18.360"	"chr18"	39309852	39310239	388	"*"	371.5	6687	18	0.835516727219999	0.104700854700855
"chr18.361"	"chr18"	39841523	39841579	57	"*"	744.818181818182	8193	11	0.075164306265694	0
"chr18.362"	"chr18"	39841734	39841759	26	"*"	361.636363636364	3978	11	0.0564493966195234	0.034965034965035
"chr18.364"	"chr18"	42795277	42795382	106	"*"	468.235294117647	7960	17	0.807683117207475	0.0248868778280543
"chr18.365"	"chr18"	43115627	43115677	51	"*"	977.333333333333	11728	12	0.490770758614459	0
"chr18.366"	"chr18"	44321045	44321338	294	"*"	470	9400	20	0.831067837319666	0.1
"chr18.367"	"chr18"	44580769	44580824	56	"*"	254	3302	13	0.92179132407325	0.186390532544379
"chr18.368"	"chr18"	44581845	44582032	188	"*"	487.95	9759	20	0.657640265582996	0.0615384615384615
"chr18.371"	"chr18"	44744639	44744733	95	"*"	201.1	2011	10	0.801104772005864	0.226923076923077
"chr18.372"	"chr18"	44744945	44745131	187	"*"	369.736842105263	7025	19	0.880740869501543	0.0809716599190283
"chr18.373"	"chr18"	45063254	45063434	181	"*"	258.666666666667	4656	18	0.905490530159155	0.166666666666667
"chr18.374"	"chr18"	45063742	45064070	329	"*"	432.121951219512	17717	41	0.914076076464187	0.102251407129456
"chr18.375"	"chr18"	45775475	45775589	115	"*"	631.666666666667	3790	6	0.0530463610336943	0.032051282051282
"chr18.376"	"chr18"	45775476	45775532	57	"*"	650.157894736842	12353	19	0.0732123517882738	0.00607287449392713
"chr18.377"	"chr18"	45775602	45775647	46	"*"	694	11798	17	0.0366676203023819	0.0203619909502262
"chr18.384"	"chr18"	46165079	46165277	199	"*"	412.2	8244	20	0.897660261036061	0.117307692307692
"chr18.388"	"chr18"	46758097	46758136	40	"*"	478.923076923077	6226	13	0.174186439363581	0.0562130177514793
"chr18.394"	"chr18"	47247586	47247769	184	"*"	431.363636363636	9490	22	0.162666647200381	0.131118881118881
"chr18.395"	"chr18"	47248457	47248683	227	"*"	553.3125	17706	32	0.210540688599653	0.078125
"chr18.396"	"chr18"	47248518	47248561	44	"*"	639	5751	9	0.242311247562815	0.0299145299145299
"chr18.397"	"chr18"	47249095	47249205	111	"*"	480.458333333333	11531	24	0.253262217352973	0.0737179487179487
"chr18.398"	"chr18"	47250529	47250560	32	"*"	614.777777777778	5533	9	0.255332885590009	0
"chr18.399"	"chr18"	47251360	47251574	215	"*"	492.75	15768	32	0.129505645171665	0.0637019230769231
"chr18.400"	"chr18"	47251484	47251503	20	"*"	356.333333333333	3207	9	0.169338659749732	0.128205128205128
"chr18.401"	"chr18"	47251565	47251671	107	"*"	416.666666666667	8750	21	0.098237080866844	0.0549450549450549
"chr18.402"	"chr18"	47260516	47260560	45	"*"	334.538461538462	4349	13	0.057395755589869	0.0946745562130177
"chr18.403"	"chr18"	47262447	47262538	92	"*"	401.166666666667	7221	18	0.247730440272834	0.061965811965812
"chr18.404"	"chr18"	47262476	47262493	18	"*"	363	3993	11	0.225529005092084	0.0629370629370629
"chr18.405"	"chr18"	47264123	47264273	151	"*"	542.9	10858	20	0.140697904368847	0.0865384615384615
"chr18.406"	"chr18"	47749010	47749560	551	"*"	462.04347826087	31881	69	0.0901009704821496	0.0752508361204013
"chr18.408"	"chr18"	47931614	47931975	362	"*"	602.238095238095	12647	21	0.236060388609053	0.0750915750915751
"chr18.409"	"chr18"	48029744	48029940	197	"*"	471.391304347826	10842	23	0.877576538246628	0.115384615384615
"chr18.413"	"chr18"	48538592	48539017	426	"*"	543.727272727273	23924	44	0.100858085726529	0.0935314685314685
"chr18.416"	"chr18"	48761480	48761813	334	"*"	475.785714285714	19983	42	0.54676298381441	0.0961538461538462
"chr18.419"	"chr18"	48859928	48859964	37	"*"	335.222222222222	3017	9	0.856141007874699	0.196581196581197
"chr18.420"	"chr18"	48859990	48860109	120	"*"	368.086956521739	8466	23	0.846544551338283	0.155518394648829
"chr18.421"	"chr18"	48921349	48921546	198	"*"	797.833333333333	23935	30	0.812326796996578	0.0115384615384615
"chr18.426"	"chr18"	48975016	48975090	75	"*"	294.5625	4713	16	0.55151426384681	0.117788461538462
"chr18.428"	"chr18"	49452647	49452686	40	"*"	343.6	1718	5	0.942427761922394	0.169230769230769
"chr18.431"	"chr18"	49461162	49461248	87	"*"	492.363636363636	5416	11	0.675126026686434	0.0734265734265734
"chr18.433"	"chr18"	49487679	49487720	42	"*"	845.222222222222	7607	9	0.548218888280639	0.0213675213675214
"chr18.437"	"chr18"	49561875	49561904	30	"*"	574.636363636364	6321	11	0.0243777066416419	0.0314685314685315
"chr18.443"	"chr18"	50268191	50268705	515	"*"	388.907692307692	25279	65	0.111142393033297	0.0692307692307692
"chr18.446"	"chr18"	50298746	50298780	35	"*"	333.846153846154	4340	13	0.226970787954252	0.159763313609467
"chr18.448"	"chr18"	50559252	50559323	72	"*"	873.1875	13971	16	0.361861661074101	0
"chr18.450"	"chr18"	50664043	50664385	343	"*"	506.48	25324	50	0.866256376339353	0.104615384615385
"chr18.460"	"chr18"	51863537	51863702	166	"*"	525.642857142857	7359	14	0.791062347833746	0.0796703296703297
"chr18.461"	"chr18"	51864542	51864824	283	"*"	379.411764705882	12900	34	0.736318236514381	0.110859728506787
"chr18.468"	"chr18"	54958134	54958214	81	"*"	948.25	7586	8	0.365210585983459	0
"chr18.473"	"chr18"	55779298	55779421	124	"*"	453.727272727273	4991	11	0.121319949958952	0.0734265734265734
"chr18.474"	"chr18"	55779891	55780096	206	"*"	328.6	8215	25	0.116420294918579	0.106153846153846
"chr18.475"	"chr18"	55780266	55780610	345	"*"	430.375	20658	48	0.0913299171781828	0.129807692307692
"chr18.478"	"chr18"	57121817	57121858	42	"*"	401.857142857143	2813	7	0.255840399253515	0.0494505494505494
"chr18.479"	"chr18"	57121905	57122053	149	"*"	447.263157894737	8498	19	0.205884598032369	0.0526315789473684
"chr18.480"	"chr18"	57147023	57147072	50	"*"	401.181818181818	4413	11	0.901603887762786	0.0874125874125874
"chr18.481"	"chr18"	57352499	57352570	72	"*"	307	2149	7	0.0959691773062197	0.0549450549450549
"chr18.482"	"chr18"	57352540	57352575	36	"*"	232.1	2321	10	0.159288312040061	0.115384615384615
"chr18.483"	"chr18"	57354279	57354374	96	"*"	439.708333333333	10553	24	0.331048286247935	0.0304487179487179
"chr18.484"	"chr18"	57428691	57428734	44	"*"	439.5	4395	10	0.120463810667703	0.05
"chr18.488"	"chr18"	57440465	57440584	120	"*"	289.785714285714	4057	14	0.115929663594887	0.186813186813187
"chr18.489"	"chr18"	57441305	57441621	317	"*"	499.666666666667	8994	18	0.0487076502605479	0.0598290598290598
"chr18.491"	"chr18"	57441568	57441596	29	"*"	459	5049	11	0.068003396611702	0.048951048951049
"chr18.495"	"chr18"	57649631	57649783	153	"*"	498.857142857143	3492	7	0.56043728963604	0.0714285714285714
"chr18.496"	"chr18"	57732809	57732855	47	"*"	409.909090909091	4509	11	0.860090987043764	0.108391608391608
"chr18.499"	"chr18"	57803708	57803968	261	"*"	614.205128205128	23954	39	0.0739618200030535	0.0424063116370809
"chr18.502"	"chr18"	58195396	58195447	52	"*"	1020.22222222222	9182	9	0.0692810165152855	0
"chr18.503"	"chr18"	58195525	58195614	90	"*"	572.833333333333	6874	12	0.0918567072714167	0.0737179487179487
"chr18.504"	"chr18"	58221479	58221698	220	"*"	519	3114	6	0.540047331213174	0.0641025641025641
"chr18.505"	"chr18"	58221480	58221622	143	"*"	877	7893	9	0.54431755797135	0.0128205128205128
"chr18.506"	"chr18"	58257612	58257736	125	"*"	730.2	7302	10	0.404808067884986	0
"chr18.507"	"chr18"	58459558	58459589	32	"*"	285.888888888889	2573	9	0.927872582622454	0.170940170940171
"chr18.510"	"chr18"	58827177	58827327	151	"*"	281.555555555556	2534	9	0.850142865896673	0.205128205128205
"chr18.512"	"chr18"	58863030	58863211	182	"*"	522.263157894737	9923	19	0.267195359188499	0.0870445344129555
"chr18.514"	"chr18"	59220031	59220115	85	"*"	501	8016	16	0.0976093081704086	0.0576923076923077
"chr18.515"	"chr18"	59220156	59220196	41	"*"	557.818181818182	6136	11	0.0773073307080599	0.0314685314685315
"chr18.516"	"chr18"	59264910	59264971	62	"*"	714.909090909091	7864	11	0.150986940716564	0.0034965034965035
"chr18.517"	"chr18"	59265075	59265108	34	"*"	419.8	6297	15	0.192864488832345	0.058974358974359
"chr18.519"	"chr18"	59273115	59273170	56	"*"	412.1	4121	10	0.11894012556373	0.103846153846154
"chr18.520"	"chr18"	59273153	59273223	71	"*"	359.928571428571	5039	14	0.0596191502843271	0.137362637362637
"chr18.524"	"chr18"	59698014	59698364	351	"*"	201	1809	9	0.0702652327143277	0.162393162393162
"chr18.525"	"chr18"	59713248	59713526	279	"*"	365.214285714286	5113	14	0.71392286791756	0.0631868131868132
"chr18.526"	"chr18"	59714212	59714376	165	"*"	309.566666666667	9287	30	0.903459686915135	0.156410256410256
"chr18.527"	"chr18"	59789683	59789956	274	"*"	324.15625	10373	32	0.844616534139075	0.125
"chr18.528"	"chr18"	59790455	59790775	321	"*"	332.470588235294	11304	34	0.870830795520315	0.1210407239819
"chr18.529"	"chr18"	59899068	59899135	68	"*"	819.285714285714	5735	7	0.334042198549674	0
"chr18.531"	"chr18"	59969438	59969554	117	"*"	436.913043478261	10049	23	0.536231077499308	0.0635451505016722
"chr18.532"	"chr18"	59969840	59969867	28	"*"	308	1848	6	0.42663002791616	0.121794871794872
"chr18.533"	"chr18"	61554088	61554382	295	"*"	469.040816326531	22983	49	0.750490961750089	0.0635792778649922
"chr18.534"	"chr18"	61554696	61554818	123	"*"	428.809523809524	9005	21	0.594895944280442	0.0677655677655678
"chr18.544"	"chr18"	62525660	62525776	117	"*"	479.416666666667	5753	12	0.218954533499819	0.0993589743589744
"chr18.546"	"chr18"	62596667	62596790	124	"*"	863.739130434783	19866	23	0.0214308870726663	0
"chr18.551"	"chr18"	63236519	63236672	154	"*"	320	2560	8	0.716802813566327	0.110576923076923
"chr18.555"	"chr18"	63321021	63321052	32	"*"	256.714285714286	1797	7	0.178832153225542	0.131868131868132
"chr18.558"	"chr18"	63476669	63476761	93	"*"	662.3125	10597	16	0.505837661807911	0.00240384615384615
"chr18.559"	"chr18"	63476872	63476895	24	"*"	466	4194	9	0.587285802446653	0.0769230769230769
"chr18.560"	"chr18"	63476918	63477018	101	"*"	787.230769230769	10234	13	0.529876789410668	0.0207100591715976
"chr18.561"	"chr18"	63490171	63490607	437	"*"	433.72972972973	16048	37	0.809166921658793	0.0810810810810811
"chr18.563"	"chr18"	63937079	63937262	184	"*"	548.833333333333	6586	12	0.39697790950343	0.0448717948717949
"chr18.565"	"chr18"	63969489	63969551	63	"*"	1225.5	7353	6	0.648972788158674	0
"chr18.568"	"chr18"	64042885	64042996	112	"*"	191	1146	6	0.847376627537641	0.205128205128205
"chr18.569"	"chr18"	64044143	64044374	232	"*"	380.1	3801	10	0.814178166140154	0.111538461538462
"chr18.570"	"chr18"	64724867	64725071	205	"*"	432.181818181818	4754	11	0.816658742067984	0.118881118881119
"chr18.571"	"chr18"	64725807	64726027	221	"*"	249.5	5988	24	0.882517790491685	0.185897435897436
"chr18.572"	"chr18"	65605120	65605612	493	"*"	288.129032258065	17864	62	0.86789920340936	0.143300248138958
"chr18.573"	"chr18"	65750567	65750581	15	"*"	216.2	1081	5	0.0410086665471281	0.138461538461538
"chr18.574"	"chr18"	66223400	66223609	210	"*"	582.809523809524	12239	21	0.794897980606119	0.0641025641025641
"chr18.575"	"chr18"	66223747	66223788	42	"*"	304.4	1522	5	0.811642185298117	0.161538461538462
"chr18.576"	"chr18"	66396169	66396377	209	"*"	304.722222222222	5485	18	0.807854239856325	0.151709401709402
"chr18.577"	"chr18"	66866562	66866599	38	"*"	348.666666666667	3138	9	0.8403226304104	0.132478632478632
"chr18.578"	"chr18"	66866596	66866626	31	"*"	270.777777777778	2437	9	0.838253922862878	0.128205128205128
"chr18.582"	"chr18"	68878840	68879379	540	"*"	442.80487804878	18155	41	0.798674051500027	0.0919324577861163
"chr18.583"	"chr18"	68879852	68880059	208	"*"	206.384615384615	2683	13	0.865252612904526	0.210059171597633
"chr18.584"	"chr18"	68880319	68880522	204	"*"	245.055555555556	4411	18	0.830273772256258	0.151709401709402
"chr18.586"	"chr18"	69956776	69956836	61	"*"	365.888888888889	3293	9	0.66090628089155	0.0555555555555556
"chr18.589"	"chr18"	72542204	72542359	156	"*"	309.75	6195	20	0.0696483222325075	0.119230769230769
"chr18.591"	"chr18"	72867039	72867096	58	"*"	234.916666666667	2819	12	0.158040431960165	0.208333333333333
"chr18.594"	"chr18"	74456221	74456775	555	"*"	378.775510204082	18560	49	0.035469065849531	0.113029827315542
"chr18.595"	"chr18"	74458259	74458411	153	"*"	400.2	4002	10	0.40094897552009	0.0615384615384615
"chr18.597"	"chr18"	74498963	74499192	230	"*"	741.214285714286	10377	14	0.499401808732314	0.0302197802197802
"chr18.601"	"chr18"	75090448	75090644	197	"*"	417.208333333333	10013	24	0.88422237671748	0.120192307692308
"chr18.602"	"chr18"	75125561	75125636	76	"*"	246.888888888889	2222	9	0.817319941235632	0.243589743589744
"chr18.603"	"chr18"	75125706	75125744	39	"*"	426.555555555556	3839	9	0.799898934422737	0.111111111111111
"chr18.604"	"chr18"	75204323	75204355	33	"*"	331.8	1659	5	0.375476021524752	0.176923076923077
"chr18.605"	"chr18"	75204439	75204552	114	"*"	308.153846153846	4006	13	0.234147383798607	0.118343195266272
"chr18.606"	"chr18"	75205113	75205492	380	"*"	336.428571428571	7065	21	0.357358684785717	0.102564102564103
"chr18.607"	"chr18"	75205209	75205265	57	"*"	261.181818181818	2873	11	0.452143081808375	0.199300699300699
"chr18.612"	"chr18"	75455467	75455965	499	"*"	292.238095238095	18411	63	0.0563161987057759	0.117826617826618
"chr18.613"	"chr18"	75938537	75938589	53	"*"	423	5076	12	0.839731200469517	0.118589743589744
"chr18.615"	"chr18"	76402550	76402867	318	"*"	445.048780487805	18247	41	0.764784039959245	0.0797373358348968
"chr18.620"	"chr18"	76496337	76496484	148	"*"	626.032258064516	19407	31	0.0350003836638477	0.0173697270471464
"chr18.621"	"chr18"	76599034	76599323	290	"*"	465.95652173913	10717	23	0.710525588101136	0.0618729096989967
"chr18.622"	"chr18"	76600370	76600453	84	"*"	325.307692307692	4229	13	0.852295454916221	0.0976331360946746
"chr18.623"	"chr18"	76787372	76787770	399	"*"	484.236363636364	26633	55	0.428618257826218	0.0699300699300699
"chr18.624"	"chr18"	76787747	76787965	219	"*"	429.692307692308	11172	26	0.379761976667579	0.0695266272189349
"chr18.628"	"chr18"	76823743	76823948	206	"*"	273.095238095238	5735	21	0.401904108011471	0.186813186813187
"chr18.629"	"chr18"	76895106	76895211	106	"*"	686.136363636364	15095	22	0.959467784751294	0.0664335664335664
"chr18.630"	"chr18"	77055976	77056143	168	"*"	348.166666666667	6267	18	0.413201918904515	0.0961538461538462
"chr18.631"	"chr18"	77087258	77087294	37	"*"	232.875	1863	8	0.363324707176996	0.221153846153846
"chr18.632"	"chr18"	77088001	77088207	207	"*"	612.95652173913	14098	23	0.583793142828186	0.068561872909699
"chr18.633"	"chr18"	77112375	77112458	84	"*"	260.777777777778	2347	9	0.709558921941076	0.132478632478632
"chr18.635"	"chr18"	77133355	77133506	152	"*"	425.210526315789	8079	19	0.373955134035973	0.0910931174089069
"chr18.636"	"chr18"	77250064	77250105	42	"*"	528.909090909091	5818	11	0.0272561316140974	0.0804195804195804
"chr18.638"	"chr18"	77978494	77978584	91	"*"	788.545454545455	8674	11	0.903182410072253	0.013986013986014
"chr18.639"	"chr18"	78126578	78126781	204	"*"	505.516129032258	15671	31	0.754719151408517	0.0707196029776675
"chr18.640"	"chr18"	78309636	78309693	58	"*"	255.285714285714	1787	7	0.851874120923761	0.153846153846154
"chr18.641"	"chr18"	78313307	78313439	133	"*"	956.714285714286	20091	21	0.864124015061931	0.010989010989011
"chr18.642"	"chr18"	78363813	78363857	45	"*"	694.428571428571	4861	7	0.888511959644905	0.0384615384615385
"chr18.643"	"chr18"	78365590	78365746	157	"*"	422.4375	6759	16	0.746304790361483	0.0697115384615385
"chr18.644"	"chr18"	78400420	78400443	24	"*"	467.2	2336	5	0.867086431527863	0.0384615384615385
"chr18.645"	"chr18"	78426272	78426408	137	"*"	394.333333333333	7098	18	0.553072627794854	0.0683760683760684
"chr18.646"	"chr18"	78506257	78506291	35	"*"	273	2457	9	0.728064155985171	0.213675213675214
"chr18.647"	"chr18"	78506373	78506453	81	"*"	800.727272727273	8808	11	0.677011644015636	0.020979020979021
"chr18.648"	"chr18"	78515338	78515500	163	"*"	405.285714285714	5674	14	0.738200622164178	0.0714285714285714
"chr18.649"	"chr18"	78517366	78517650	285	"*"	496.411764705882	8439	17	0.872019572902052	0.0904977375565611
"chr18.650"	"chr18"	78518118	78518222	105	"*"	310.875	2487	8	0.690597879377086	0.168269230769231
"chr18.651"	"chr18"	78558862	78559005	144	"*"	278.357142857143	3897	14	0.847869111976413	0.126373626373626
"chr18.652"	"chr18"	78562871	78562991	121	"*"	265.214285714286	3713	14	0.771081001127878	0.153846153846154
"chr18.653"	"chr18"	78703310	78703712	403	"*"	400.148936170213	18807	47	0.868585961393269	0.118657937806874
"chr18.654"	"chr18"	78726212	78726402	191	"*"	410.789473684211	7805	19	0.886430365536256	0.0910931174089069
"chr18.655"	"chr18"	78728468	78728516	49	"*"	383.888888888889	3455	9	0.884965559480305	0.162393162393162
"chr18.656"	"chr18"	78796734	78796805	72	"*"	241.916666666667	2903	12	0.897584772174174	0.224358974358974
"chr18.657"	"chr18"	78797031	78797554	524	"*"	411.5	23867	58	0.849400718176458	0.0948275862068965
"chr18.658"	"chr18"	78857034	78857178	145	"*"	245.903225806452	7623	31	0.876346778490383	0.192307692307692
"chr18.659"	"chr18"	78861307	78861357	51	"*"	428.222222222222	3854	9	0.684651550806092	0.0897435897435897
"chr18.660"	"chr18"	78914508	78914525	18	"*"	219.2	1096	5	0.688886702193502	0.246153846153846
"chr18.661"	"chr18"	78914599	78914672	74	"*"	280.571428571429	1964	7	0.60747633955777	0.142857142857143
"chr18.662"	"chr18"	78973512	78973573	62	"*"	166.25	1330	8	0.113447023533279	0.225961538461538
"chr18.663"	"chr18"	78974727	78974765	39	"*"	369.142857142857	2584	7	0.104262270906268	0.148351648351648
"chr18.664"	"chr18"	78976735	78976845	111	"*"	545.222222222222	4907	9	0.338738904237627	0.0256410256410256
"chr18.665"	"chr18"	78980061	78980265	205	"*"	252.953488372093	10877	43	0.0821021350316287	0.219141323792487
"chr18.666"	"chr18"	78981073	78981118	46	"*"	278.875	2231	8	0.101548630096669	0.163461538461538
"chr18.667"	"chr18"	79022746	79022896	151	"*"	441.724137931034	12810	29	0.921332130984207	0.118037135278515
"chr18.670"	"chr18"	79322156	79322449	294	"*"	381.24	9531	25	0.807597657913925	0.0953846153846154
"chr18.673"	"chr18"	79373718	79373950	233	"*"	469.142857142857	6568	14	0.896315558402761	0.101648351648352
"chr18.674"	"chr18"	79378912	79379395	484	"*"	369.909090909091	24414	66	0.167379966419025	0.0833333333333333
"chr18.677"	"chr18"	79396825	79396920	96	"*"	296.230769230769	3851	13	0.0511605097399563	0.162721893491124
"chr18.678"	"chr18"	79397760	79397910	151	"*"	272.95	5459	20	0.417068864734542	0.169230769230769
"chr18.679"	"chr18"	79397987	79398073	87	"*"	369.625	2957	8	0.410705037470041	0.0865384615384615
"chr18.680"	"chr18"	79398105	79398267	163	"*"	337.375	2699	8	0.438391483874251	0.0865384615384615
"chr18.681"	"chr18"	79398106	79398163	58	"*"	335.909090909091	3695	11	0.460247779216584	0.118881118881119
"chr18.682"	"chr18"	79398653	79398677	25	"*"	259.5	1557	6	0.470293669123615	0.147435897435897
"chr18.684"	"chr18"	79430019	79430102	84	"*"	302.625	2421	8	0.726290910405348	0.125
"chr18.685"	"chr18"	79430076	79430103	28	"*"	445.888888888889	4013	9	0.606972247108924	0.0726495726495727
"chr18.686"	"chr18"	79436122	79436374	253	"*"	329.291666666667	15806	48	0.55422865003542	0.0889423076923077
"chr18.687"	"chr18"	79458459	79458548	90	"*"	365.6	3656	10	0.47707535756436	0.134615384615385
"chr18.688"	"chr18"	79460712	79460769	58	"*"	337.5	2025	6	0.737679065521061	0.0705128205128205
"chr18.689"	"chr18"	79474406	79474519	114	"*"	600.947368421053	11418	19	0.909669613015779	0.0931174089068826
"chr18.690"	"chr18"	79474919	79474971	53	"*"	397.5	3975	10	0.871207787216119	0.192307692307692
"chr18.691"	"chr18"	79497352	79497418	67	"*"	267.333333333333	2406	9	0.558060284048456	0.192307692307692
"chr18.692"	"chr18"	79517502	79517584	83	"*"	332.25	3987	12	0.361245792714008	0.112179487179487
"chr18.693"	"chr18"	79520146	79520272	127	"*"	355.423076923077	9241	26	0.441763811412641	0.10207100591716
"chr18.694"	"chr18"	79520295	79520354	60	"*"	677.571428571429	4743	7	0.349847714623534	0
"chr18.695"	"chr18"	79520348	79520414	67	"*"	528.727272727273	5816	11	0.35921440316234	0.027972027972028
"chr18.696"	"chr18"	79523467	79523531	65	"*"	620	6820	11	0.571729143340522	0.0104895104895105
"chr18.697"	"chr18"	79524462	79524520	59	"*"	286.8	1434	5	0.582040797668659	0.1
"chr18.698"	"chr18"	79526007	79526228	222	"*"	303.722222222222	5467	18	0.815892161899014	0.168803418803419
"chr18.699"	"chr18"	79527158	79527305	148	"*"	274.6	4119	15	0.826548100872375	0.166666666666667
"chr18.700"	"chr18"	79529104	79529539	436	"*"	423	20727	49	0.767363782318864	0.0996860282574568
"chr18.701"	"chr18"	79625262	79625305	44	"*"	769.375	6155	8	0.285471208965858	0
"chr18.702"	"chr18"	79626860	79626912	53	"*"	335.769230769231	4365	13	0.738711351888064	0.103550295857988
"chr18.704"	"chr18"	79638833	79638897	65	"*"	432.909090909091	4762	11	0.401117730882884	0.048951048951049
"chr18.705"	"chr18"	79641972	79642064	93	"*"	270.625	2165	8	0.833963660285064	0.206730769230769
"chr18.707"	"chr18"	79708416	79708573	158	"*"	479.8	11995	25	0.810009048672023	0.0846153846153846
"chr18.711"	"chr18"	79785072	79785322	251	"*"	352.894736842105	13410	38	0.642283306608409	0.143724696356275
"chr18.712"	"chr18"	79798880	79799328	449	"*"	469.470588235294	7981	17	0.049535185781835	0.0904977375565611
"chr18.713"	"chr18"	79826759	79826847	89	"*"	427.090909090909	4698	11	0.928071413296243	0.108391608391608
"chr18.714"	"chr18"	79830620	79830953	334	"*"	764.242424242424	25220	33	0.767800669180829	0.0547785547785548
"chr18.715"	"chr18"	79831498	79831769	272	"*"	332.371428571429	11633	35	0.817498329653235	0.156043956043956
"chr18.716"	"chr18"	79848773	79848808	36	"*"	209	1045	5	0.615084257978315	0.246153846153846
"chr18.717"	"chr18"	79848916	79849096	181	"*"	314.380952380952	6602	21	0.477373699018728	0.128205128205128
"chr18.718"	"chr18"	79883254	79883389	136	"*"	381.176470588235	6480	17	0.854929603543075	0.122171945701357
"chr18.719"	"chr18"	79883774	79883868	95	"*"	319.642857142857	4475	14	0.857375640552944	0.17032967032967
"chr18.720"	"chr18"	79885528	79885584	57	"*"	261.4	1307	5	0.855301788849461	0.246153846153846
"chr18.724"	"chr18"	79963194	79963229	36	"*"	370.5	2223	6	0.635079519518979	0.128205128205128
"chr18.725"	"chr18"	79963272	79963355	84	"*"	505.666666666667	3034	6	0.501758238941547	0.0961538461538462
"chr18.731"	"chr18"	80147389	80147949	561	"*"	1084.875	34716	32	0.182952948547008	0.00480769230769231
"chr18.732"	"chr18"	80147542	80147642	101	"*"	425.791666666667	10219	24	0.163822718812277	0.110576923076923
"chr18.733"	"chr18"	80147655	80147781	127	"*"	573.230769230769	7452	13	0.209816333264102	0.0236686390532544
"chr18.734"	"chr18"	80147817	80147869	53	"*"	485.333333333333	4368	9	0.217725284914235	0.0170940170940171
"chr18.736"	"chr18"	80148065	80148136	72	"*"	781.636363636364	8598	11	0.287484932661971	0.0034965034965035
"chr18.737"	"chr18"	80159661	80159833	173	"*"	269	5111	19	0.439261911398937	0.180161943319838
"chr18.738"	"chr18"	80160190	80160314	125	"*"	198	2178	11	0.539115541390515	0.192307692307692
"chr18.739"	"chr18"	80160644	80160705	62	"*"	552.181818181818	6074	11	0.804342359991062	0.0979020979020979
