"seqnames"	"start"	"end"	"width"	"strand"	"L"	"area"	"beta"	"stat"	"pval"	"qval"	"index.start"	"index.end"	"index.width"	"rawDiff"	"Comp"	"Class"
"1"	"chr18"	10032649	10032884	236	"*"	38	13.5152112177674	-0.767280254906019	-22.4314464111012	0.00258397932816537	0.00767740011926058	7537	7574	38	-0.354260225564251	"UC-N"	"hypo"
"2"	"chr18"	47247676	47249297	1622	"*"	120	18.3311148002792	-0.413898849109046	-22.2308811284819	0.00258397932816537	0.00767740011926058	28607	28726	120	-0.160244101662303	"UC-N"	"hypo"
"3"	"chr18"	13611340	13611792	453	"*"	22	5.94739455631941	-0.603477962988985	-20.1074057412187	0.00258397932816537	0.00767740011926058	12375	12396	22	-0.266555256261166	"UC-N"	"hypo"
"4"	"chr18"	23231354	23231587	234	"*"	18	6.63303461047301	-0.839297415497939	-19.3548582380469	0.00258397932816537	0.00767740011926058	16195	16212	18	-0.376611495194576	"UC-N"	"hypo"
"5"	"chr18"	80159661	80160314	654	"*"	30	11.1558365765248	-0.990928796875613	-19.1252917515978	0.00258397932816537	0.00767740011926058	53732	53761	30	-0.383005146847654	"UC-N"	"hypo"
"6"	"chr18"	13222525	13222659	135	"*"	24	4.86420933580056	0.502941192336905	18.7659939703305	0.00258397932816537	0.00767740011926058	12079	12102	24	0.184133031259354	"UC-N"	"hyper"
"7"	"chr18"	76402550	76402835	286	"*"	39	7.20990793143517	-0.559664422620752	-18.7122459956423	0.00258397932816537	0.00767740011926058	43714	43752	39	-0.193226297365722	"UC-N"	"hypo"
"8"	"chr18"	79436098	79436321	224	"*"	45	14.2312208996408	-0.711329587038354	-18.2598883835033	0.00258397932816537	0.00767740011926058	49636	49680	45	-0.309283167443848	"UC-N"	"hypo"
"9"	"chr18"	61554219	61554818	600	"*"	64	13.3141467566314	-0.647898188845387	-18.0052983276367	0.00258397932816537	0.00767740011926058	37647	37710	64	-0.208122189142065	"UC-N"	"hypo"
"10"	"chr18"	57121729	57122091	363	"*"	38	7.87472793192652	-0.484616721384765	-17.5800512350135	0.00258397932816537	0.00767740011926058	34028	34065	38	-0.189122044160677	"UC-N"	"hypo"
"11"	"chr18"	55779297	55780273	977	"*"	64	7.52345104366831	-0.41876427630747	-17.4644421319243	0.00258397932816537	0.00767740011926058	33519	33582	64	-0.137331728526977	"UC-N"	"hypo"
"12"	"chr18"	77055976	77056143	168	"*"	18	5.77419299674425	-0.776748011844773	-17.4174444350031	0.00258397932816537	0.00767740011926058	45168	45185	18	-0.341977311511191	"UC-N"	"hypo"
"13"	"chr18"	32772820	32773327	508	"*"	29	6.80332129887837	-0.520021328269706	-17.0952970562659	0.00258397932816537	0.00767740011926058	21534	21562	29	-0.225463901480857	"UC-N"	"hypo"
"14"	"chr18"	26547344	26547726	383	"*"	30	3.48782401005987	-0.600302649819149	-16.9585170278534	0.00258397932816537	0.00767740011926058	18521	18550	30	-0.278768468728641	"UC-N"	"hypo"
"15"	"chr18"	7011218	7011518	301	"*"	37	6.23359774796457	-0.398020114351754	-16.8101164781713	0.00258397932816537	0.00767740011926058	5110	5146	37	-0.189809550137174	"UC-N"	"hypo"
"16"	"chr18"	74498781	74499192	412	"*"	17	4.47080258619862	-0.654309979100821	-16.3085187444858	0.00258397932816537	0.00767740011926058	42549	42565	17	-0.300746805402236	"UC-N"	"hypo"
"17"	"chr18"	10525450	10525531	82	"*"	12	1.58659314434652	-0.877754029703754	-16.2295990771581	0.00258397932816537	0.00767740011926058	7950	7961	12	-0.35527630771735	"UC-N"	"hypo"
"18"	"chr18"	5625365	5625482	118	"*"	8	2.72909395686709	-0.755826414496512	-16.0181293876624	0.00258397932816537	0.00767740011926058	4386	4393	8	-0.321236737377005	"UC-N"	"hypo"
"19"	"chr18"	58862949	58863219	271	"*"	21	3.69561862428949	-0.554757891637963	-15.8817628289903	0.00258397932816537	0.00767740011926058	36058	36078	21	-0.233914871156779	"UC-N"	"hypo"
"20"	"chr18"	45825528	45825658	131	"*"	11	4.13643279362387	-0.825520264129411	-15.5910031762786	0.00258397932816537	0.00767740011926058	26413	26423	11	-0.358839760998943	"UC-N"	"hypo"
"21"	"chr18"	47931782	47932906	1125	"*"	27	4.6880204098087	-0.412518255701283	-15.4307264669895	0.00258397932816537	0.00767740011926058	29157	29183	27	-0.173166999831662	"UC-N"	"hypo"
"22"	"chr18"	13502015	13502201	187	"*"	14	4.01328605666306	-0.617634970590857	-15.3332075902103	0.00258397932816537	0.00767740011926058	12361	12374	14	-0.287045604319083	"UC-N"	"hypo"
"23"	"chr18"	26133662	26134046	385	"*"	62	8.59873549246441	-0.362908145848522	-15.213656040758	0.00258397932816537	0.00767740011926058	18233	18294	62	-0.163250791316847	"UC-N"	"hypo"
"24"	"chr18"	55780529	55780959	431	"*"	23	3.08205798448763	-0.547320909545694	-15.1603329199922	0.00258397932816537	0.00767740011926058	33617	33639	23	-0.197682065932616	"UC-N"	"hypo"
"25"	"chr18"	76823426	76824036	611	"*"	29	6.05139605647006	-0.515012625506416	-14.5311411725409	0.00258397932816537	0.00767740011926058	44727	44755	29	-0.24045543086229	"UC-N"	"hypo"
"26"	"chr18"	9707658	9707928	271	"*"	31	5.49443205874436	-0.493694565162098	-14.3733793940377	0.00258397932816537	0.00767740011926058	7171	7201	31	-0.185195084544464	"UC-N"	"hypo"
"27"	"chr18"	5196318	5196502	185	"*"	33	6.07722036423971	-0.462858408679689	-14.3210526614801	0.00258397932816537	0.00767740011926058	3827	3859	33	-0.228067590991072	"UC-N"	"hypo"
"28"	"chr18"	50559252	50559302	51	"*"	14	3.63601639568359	-0.502605741476104	-14.0525594435165	0.00258397932816537	0.00767740011926058	31575	31588	14	-0.239785256268463	"UC-N"	"hypo"
"29"	"chr18"	74484970	74485148	179	"*"	12	3.82355314796463	-0.812033036794336	-13.8200490674383	0.00258397932816537	0.00767740011926058	42437	42448	12	-0.355119377863887	"UC-N"	"hypo"
"30"	"chr18"	75205113	75205600	488	"*"	39	7.97191066577452	-0.448406035134743	-13.7176174467163	0.00258397932816537	0.00767740011926058	42996	43034	39	-0.200471266646103	"UC-N"	"hypo"
"31"	"chr18"	54590937	54591074	138	"*"	8	2.0537640013684	-0.558408185496773	-13.706190279082	0.00258397932816537	0.00767740011926058	33053	33060	8	-0.263512077691065	"UC-N"	"hypo"
"32"	"chr18"	26696424	26696550	127	"*"	10	2.78829269351406	0.574305223397613	13.6315573067988	0.00258397932816537	0.00767740011926058	18955	18964	10	0.288077626440758	"UC-N"	"hyper"
"33"	"chr18"	38941410	38941509	100	"*"	11	3.6339177749518	-0.704931741636058	-13.4234753172079	0.00258397932816537	0.00767740011926058	25049	25059	11	-0.32595284922038	"UC-N"	"hypo"
"34"	"chr18"	3495810	3495968	159	"*"	14	2.86734221258449	-0.57876920853177	-13.3408154545721	0.00258397932816537	0.00767740011926058	3128	3141	14	-0.246786038458496	"UC-N"	"hypo"
"35"	"chr18"	13641474	13641874	401	"*"	26	5.46860958222401	-0.542811221429805	-13.2878615000282	0.00258397932816537	0.00767740011926058	12434	12459	26	-0.234150847429818	"UC-N"	"hypo"
"36"	"chr18"	77087954	77088248	295	"*"	28	6.727460234668	0.498080843496233	13.154467163601	0.00258397932816537	0.00767740011926058	45231	45258	28	0.201032733242488	"UC-N"	"hyper"
"37"	"chr18"	15165231	15165343	113	"*"	29	6.47963806553909	-0.481287229560798	-13.0324665280018	0.00258397932816537	0.00767740011926058	14183	14211	29	-0.216261648817636	"UC-N"	"hypo"
"38"	"chr18"	905251	905664	414	"*"	42	4.85482627529841	-0.324139628118372	-13.0201686980554	0.00258397932816537	0.00767740011926058	1344	1385	42	-0.126253966682839	"UC-N"	"hypo"
"39"	"chr18"	58257557	58258757	1201	"*"	14	3.02849256838782	-0.533228988894078	-12.9996855150574	0.00258397932816537	0.00767740011926058	35637	35650	14	-0.225489313551414	"UC-N"	"hypo"
"40"	"chr18"	69956775	69957158	384	"*"	18	3.39758739823888	-0.447450873493979	-12.9840463454564	0.00258397932816537	0.00767740011926058	41080	41097	18	-0.195147811920207	"UC-N"	"hypo"
"41"	"chr18"	34159428	34159624	197	"*"	34	4.14038026647021	-0.348454950623298	-12.9551132225571	0.00258397932816537	0.00767740011926058	21959	21992	34	-0.138018269015439	"UC-N"	"hypo"
"42"	"chr18"	5891898	5892247	350	"*"	30	4.51189087680771	-0.417423809285428	-12.758956656422	0.00258397932816537	0.00767740011926058	4629	4658	30	-0.169501806054453	"UC-N"	"hypo"
"43"	"chr18"	57649631	57649783	153	"*"	7	2.21856753385493	-0.693323756512536	-12.6732318701493	0.00258397932816537	0.00767740011926058	35157	35163	7	-0.32601216708581	"UC-N"	"hypo"
"44"	"chr18"	57354279	57354450	172	"*"	32	3.87458400428668	-0.399258827678808	-12.4388348874286	0.00258397932816537	0.00767740011926058	34220	34251	32	-0.18200441718353	"UC-N"	"hypo"
"45"	"chr18"	26864124	26864250	127	"*"	7	1.25451731648917	-0.588233329832624	-12.3681918780961	0.00258397932816537	0.00767740011926058	19073	19079	7	-0.24910702384479	"UC-N"	"hypo"
"46"	"chr18"	77108494	77108538	45	"*"	8	2.77174955594209	-0.745430182528863	-12.2610022951619	0.00258397932816537	0.00767740011926058	45349	45356	8	-0.32424238277636	"UC-N"	"hypo"
"47"	"chr18"	3255796	3255881	86	"*"	6	1.6084729480654	-0.569923118320662	-12.0394452173923	0.00258397932816537	0.00767740011926058	2612	2617	6	-0.279582511413418	"UC-N"	"hypo"
"48"	"chr18"	909017	909218	202	"*"	31	4.56212310879052	-0.396454759901713	-11.7900299450147	0.00258397932816537	0.00767740011926058	1489	1519	31	-0.14950156606386	"UC-N"	"hypo"
"49"	"chr18"	40245956	40246306	351	"*"	11	2.6287989300024	-0.54415437672862	-11.7553931860102	0.00258397932816537	0.00767740011926058	25399	25409	11	-0.246596033973329	"UC-N"	"hypo"
"50"	"chr18"	79805557	79805692	136	"*"	10	2.64604631873123	-0.585123460266692	-11.7352309000534	0.00258397932816537	0.00767740011926058	52481	52490	10	-0.272982383855818	"UC-N"	"hypo"
"51"	"chr18"	11947832	11948156	325	"*"	29	6.52620986100152	-0.567453894552133	-11.6837042247314	0.00258397932816537	0.00767740011926058	9402	9430	29	-0.225167654650759	"UC-N"	"hypo"
"52"	"chr18"	75734	76109	376	"*"	39	5.96290787729015	-0.43627027005401	-11.678872733063	0.00258397932816537	0.00767740011926058	192	230	39	-0.171505611194442	"UC-N"	"hypo"
"53"	"chr18"	79848773	79849106	334	"*"	33	7.20700141238698	0.466725011785068	11.6144173161613	0.00258397932816537	0.00767740011926058	52688	52720	33	0.219498900915722	"UC-N"	"hyper"
"54"	"chr18"	78855399	78855458	60	"*"	8	2.57544018560671	-0.694018708527955	-11.5919056307074	0.00258397932816537	0.00767740011926058	47665	47672	8	-0.312338287557331	"UC-N"	"hypo"
"55"	"chr18"	63476616	63477199	584	"*"	48	9.02486286254491	0.459779499225926	11.5537391582372	0.00258397932816537	0.00767740011926058	39249	39296	48	0.185426010075426	"UC-N"	"hyper"
"56"	"chr18"	23136953	23137474	522	"*"	40	6.84227207547499	-0.502749325774879	-11.4209473765123	0.00258397932816537	0.00767740011926058	16116	16155	40	-0.20018414172141	"UC-N"	"hypo"
"57"	"chr18"	9017504	9017826	323	"*"	25	3.43243506756272	-0.326849621307277	-11.3710338738176	0.00258397932816537	0.00767740011926058	6489	6513	25	-0.11973082245143	"UC-N"	"hypo"
"58"	"chr18"	59142379	59142576	198	"*"	12	2.88831225686192	-0.536698544392087	-11.3625809816566	0.00258397932816537	0.00767740011926058	36278	36289	12	-0.242974262725932	"UC-N"	"hypo"
"59"	"chr18"	44581817	44582032	216	"*"	21	4.78076604301593	-0.527068777681997	-11.3246885674792	0.00258397932816537	0.00767740011926058	25940	25960	21	-0.247955085555529	"UC-N"	"hypo"
"60"	"chr18"	78914508	78914942	435	"*"	36	5.45282166500945	-0.416630932981094	-11.3202644353838	0.00258397932816537	0.00767740011926058	47918	47953	36	-0.168771175991163	"UC-N"	"hypo"
"61"	"chr18"	79625172	79625419	248	"*"	11	2.06218091152035	-0.502183152097659	-11.3019096616009	0.00258397932816537	0.00767740011926058	51156	51166	11	-0.187486396734606	"UC-N"	"hypo"
"62"	"chr18"	79517502	79517658	157	"*"	13	3.80657057414649	-0.614296455609951	-11.2537471303309	0.00258397932816537	0.00767740011926058	50641	50653	13	-0.234577167251363	"UC-N"	"hypo"
"63"	"chr18"	79397687	79398677	991	"*"	68	13.5364050724167	0.413058494731817	11.2478346369838	0.00258397932816537	0.00767740011926058	49278	49345	68	0.187005205268414	"UC-N"	"hyper"
"64"	"chr18"	47262425	47262509	85	"*"	25	5.2588851412147	-0.471591810895471	-11.227939563832	0.00258397932816537	0.00767740011926058	28912	28936	25	-0.173773072397055	"UC-N"	"hypo"
"65"	"chr18"	78976707	78976846	140	"*"	16	3.638173339727	-0.472497559392495	-11.1996576861843	0.00258397932816537	0.00767740011926058	48281	48296	16	-0.200500742832064	"UC-N"	"hypo"
"66"	"chr18"	26545445	26546109	665	"*"	10	2.43122921184058	0.561433866364331	11.1875507349308	0.00258397932816537	0.00767740011926058	18480	18489	10	0.243467546026119	"UC-N"	"hyper"
"67"	"chr18"	79520146	79520272	127	"*"	26	4.67405633638631	-0.486618535349538	-11.1419195622552	0.00258397932816537	0.00767740011926058	50669	50694	26	-0.192244201077876	"UC-N"	"hypo"
"68"	"chr18"	75127843	75127888	46	"*"	8	2.94912104744992	0.947415726750892	10.9829690557971	0.00258397932816537	0.00767740011926058	42957	42964	8	0.384750292344553	"UC-N"	"hyper"
"69"	"chr18"	58221479	58221698	220	"*"	15	2.90687167449202	0.424092214488723	10.816752216085	0.00258397932816537	0.00767740011926058	35569	35583	15	0.190765004887636	"UC-N"	"hyper"
"70"	"chr18"	48041162	48042133	972	"*"	8	1.56661096530772	-0.496428702258658	-10.5711702452618	0.00258397932816537	0.00767740011926058	29296	29303	8	-0.202698377517243	"UC-N"	"hypo"
"71"	"chr18"	13827700	13828651	952	"*"	17	2.2252019099317	-0.319310552239235	-10.518843318943	0.00258397932816537	0.00767740011926058	12904	12920	17	-0.140569487030102	"UC-N"	"hypo"
"72"	"chr18"	7362059	7362438	380	"*"	14	3.75538530092111	-0.603559007926727	-10.4755628099743	0.00258397932816537	0.00767740011926058	5464	5477	14	-0.278225203328089	"UC-N"	"hypo"
"73"	"chr18"	12092884	12093025	142	"*"	18	3.49694249907256	0.532754834575406	10.2790766211302	0.00258397932816537	0.00767740011926058	9705	9722	18	0.218295823619735	"UC-N"	"hyper"
"74"	"chr18"	26957049	26957250	202	"*"	8	1.69959704864531	-0.476347284290591	-10.2575110542734	0.00258397932816537	0.00767740011926058	19108	19115	8	-0.208990985263759	"UC-N"	"hypo"
"75"	"chr18"	79356202	79356385	184	"*"	13	2.07237840674294	-0.413358826999419	-10.1607833211493	0.00258397932816537	0.00767740011926058	48992	49004	13	-0.158476517472405	"UC-N"	"hypo"
"76"	"chr18"	63937124	63937262	139	"*"	9	2.02020087399829	-0.49818201399204	-10.0216817485988	0.00258397932816537	0.00767740011926058	39576	39584	9	-0.25613380203981	"UC-N"	"hypo"
"77"	"chr18"	68715824	68715977	154	"*"	7	0.765463760980519	0.418015785843266	9.95771740840721	0.00258397932816537	0.00767740011926058	40630	40636	7	0.160942164904287	"UC-N"	"hyper"
"78"	"chr18"	48761608	48761813	206	"*"	26	7.26290569941323	0.500931246674026	9.94165124705532	0.00258397932816537	0.00767740011926058	29680	29705	26	0.229619342440291	"UC-N"	"hyper"
"79"	"chr18"	75125561	75125888	328	"*"	35	3.99928636515265	-0.317622000791493	-9.94110092500916	0.00258397932816537	0.00767740011926058	42921	42955	35	-0.0988514039687039	"UC-N"	"hypo"
"80"	"chr18"	46623655	46623773	119	"*"	12	3.48160727084039	-0.661859893583261	-9.92698620397245	0.00258397932816537	0.00767740011926058	27590	27601	12	-0.295878358890498	"UC-N"	"hypo"
"81"	"chr18"	13375426	13375542	117	"*"	12	3.00700688179463	-0.489292628175986	-9.90333356306922	0.00258397932816537	0.00767740011926058	12184	12195	12	-0.223759899318892	"UC-N"	"hypo"
"82"	"chr18"	50826120	50826279	160	"*"	10	2.20946484650956	0.483471416787965	9.83783630452781	0.00258397932816537	0.00767740011926058	31872	31881	10	0.220557671650767	"UC-N"	"hyper"
"83"	"chr18"	63236519	63237005	487	"*"	15	2.83172461865166	-0.475097792951088	-9.80964451559767	0.00258397932816537	0.00767740011926058	38703	38717	15	-0.201052505747705	"UC-N"	"hypo"
"84"	"chr18"	79792402	79792545	144	"*"	23	2.76562961367573	-0.375188660157497	-9.80937715761466	0.00258397932816537	0.00767740011926058	52326	52348	23	-0.142223228125497	"UC-N"	"hypo"
"85"	"chr18"	54958134	54958214	81	"*"	8	1.60705927287242	0.47305731057884	9.77096598592844	0.00258397932816537	0.00767740011926058	33199	33206	8	0.222478994836083	"UC-N"	"hyper"
"86"	"chr18"	59969330	59970421	1092	"*"	41	6.2668421958132	-0.323533043803741	-9.76861270160636	0.00258397932816537	0.00767740011926058	37294	37334	41	-0.147133714969229	"UC-N"	"hypo"
"87"	"chr18"	23872966	23873288	323	"*"	18	4.0256888538404	0.440205837339278	9.74212928008944	0.00258397932816537	0.00767740011926058	17078	17095	18	0.210065242348301	"UC-N"	"hyper"
"88"	"chr18"	63969489	63969551	63	"*"	6	1.28740138388135	0.531562087099945	9.4391882946869	0.00258397932816537	0.00767740011926058	39658	39663	6	0.234252512084511	"UC-N"	"hyper"
"89"	"chr18"	76545836	76545986	151	"*"	9	1.6285781113729	-0.546645531574931	-9.41346695455258	0.00258397932816537	0.00767740011926058	44151	44159	9	-0.206379141588525	"UC-N"	"hypo"
"90"	"chr18"	48543408	48543476	69	"*"	5	1.40546711544504	-0.743199760551607	-9.37135284182697	0.00258397932816537	0.00767740011926058	29649	29653	5	-0.298858835220402	"UC-N"	"hypo"
"91"	"chr18"	23574232	23574374	143	"*"	8	1.45016346816752	-0.402322369411649	-9.31395340950957	0.00258397932816537	0.00767740011926058	16588	16595	8	-0.192099399662197	"UC-N"	"hypo"
"92"	"chr18"	5456758	5457014	257	"*"	17	2.56628609608169	-0.29929265495791	-9.29683287035392	0.00258397932816537	0.00767740011926058	4271	4287	17	-0.137737490692387	"UC-N"	"hypo"
"93"	"chr18"	66223497	66223748	252	"*"	16	1.98580624927613	-0.338429407690108	-9.26873431100668	0.00258397932816537	0.00767740011926058	40155	40170	16	-0.117532092375422	"UC-N"	"hypo"
"94"	"chr18"	615434	615497	64	"*"	6	1.27376410370779	-0.456163172797547	-9.23319359018494	0.00258397932816537	0.00767740011926058	785	790	6	-0.203464257868314	"UC-N"	"hypo"
"95"	"chr18"	12374050	12374577	528	"*"	10	1.94618904894155	0.560460279713587	9.19059953081616	0.00258397932816537	0.00767740011926058	10303	10312	10	0.212088660318567	"UC-N"	"hyper"
"96"	"chr18"	46601632	46601760	129	"*"	8	1.87656938739067	-0.554387089502742	-9.17037817341042	0.00258397932816537	0.00767740011926058	27578	27585	8	-0.229438361533452	"UC-N"	"hypo"
"97"	"chr18"	76528503	76528632	130	"*"	8	0.840453232705899	0.343588210137636	9.13623842654471	0.00258397932816537	0.00767740011926058	44129	44136	8	0.147306705423386	"UC-N"	"hyper"
"98"	"chr18"	70284740	70284851	112	"*"	5	1.38588039895943	-0.662547416117872	-9.02752273646404	0.00258397932816537	0.00767740011926058	41272	41276	5	-0.298612567861315	"UC-N"	"hypo"
"99"	"chr18"	13266931	13267092	162	"*"	6	1.20911370634206	-0.520100112657941	-8.93665609487121	0.00258397932816537	0.00767740011926058	12163	12168	6	-0.223849056061864	"UC-N"	"hypo"
"100"	"chr18"	47100913	47101070	158	"*"	7	1.20199441106044	-0.537506816141736	-8.92702473743271	0.00258397932816537	0.00767740011926058	28355	28361	7	-0.205502479330404	"UC-N"	"hypo"
"101"	"chr18"	28209053	28209213	161	"*"	7	1.8366653663055	-0.591916611744048	-8.82008868127662	0.00258397932816537	0.00767740011926058	19515	19521	7	-0.260022699296046	"UC-N"	"hypo"
"102"	"chr18"	79691003	79691127	125	"*"	7	1.79987106937489	-0.593282414618864	-8.71939765104302	0.00258397932816537	0.00767740011926058	51530	51536	7	-0.240116426186476	"UC-N"	"hypo"
"103"	"chr18"	3277815	3277900	86	"*"	6	1.56226478706395	-0.626982041282721	-8.6934899296435	0.00258397932816537	0.00767740011926058	2795	2800	6	-0.28564283876287	"UC-N"	"hypo"
"104"	"chr18"	37243013	37244054	1042	"*"	15	2.16507966504853	-0.407216387287447	-8.66284026661731	0.00258397932816537	0.00767740011926058	24425	24439	15	-0.158490921262998	"UC-N"	"hypo"
"105"	"chr18"	14748157	14748528	372	"*"	41	7.63969474791903	-0.408042417417903	-8.6029654967377	0.00516795865633075	0.0128782195548887	13969	14009	41	-0.173302827683821	"UC-N"	"hypo"
"106"	"chr18"	47259508	47260180	673	"*"	19	2.38692908013028	-0.339627126371924	-8.5879298954203	0.00516795865633075	0.0128782195548887	28863	28881	19	-0.136216557020238	"UC-N"	"hypo"
"107"	"chr18"	76350831	76351901	1071	"*"	11	1.79619796557863	0.373458956867961	8.54295882444489	0.00516795865633075	0.0128782195548887	43580	43590	11	0.152768803909161	"UC-N"	"hyper"
"108"	"chr18"	40583503	40583977	475	"*"	16	3.06244146170786	-0.532350341568026	-8.46705373816066	0.00516795865633075	0.0128782195548887	25410	25425	16	-0.195397636861989	"UC-N"	"hypo"
"109"	"chr18"	12421021	12421134	114	"*"	6	1.56244750626126	-0.673136981744505	-8.3328153843333	0.00516795865633075	0.0128782195548887	10592	10597	6	-0.267286565278208	"UC-N"	"hypo"
"110"	"chr18"	62579369	62579430	62	"*"	6	2.41074341348939	0.746397455768595	8.33143194140697	0.00516795865633075	0.0128782195548887	38363	38368	6	0.316945436983644	"UC-N"	"hyper"
"111"	"chr18"	76784450	76784535	86	"*"	6	0.999148365097008	-0.532590111561775	-8.32988298625002	0.00516795865633075	0.0128782195548887	44419	44424	6	-0.211143994991612	"UC-N"	"hypo"
"112"	"chr18"	24459532	24459912	381	"*"	8	0.988270332232485	-0.39284775201279	-8.30725129131711	0.00516795865633075	0.0128782195548887	17890	17897	8	-0.138429878060555	"UC-N"	"hypo"
"113"	"chr18"	37254764	37254784	21	"*"	6	0.862388103702326	0.536198313463359	8.28416151829141	0.00516795865633075	0.0128782195548887	24482	24487	6	0.248167434086732	"UC-N"	"hyper"
"114"	"chr18"	58675828	58676006	179	"*"	6	0.804176996947727	-0.346380005029841	-8.2821151253841	0.00516795865633075	0.0128782195548887	35861	35866	6	-0.138257642180361	"UC-N"	"hypo"
"115"	"chr18"	79458412	79458911	500	"*"	17	4.62199236255305	0.583678332776526	8.14040996190418	0.00516795865633075	0.0128782195548887	49905	49921	17	0.285563176340854	"UC-N"	"hyper"
"116"	"chr18"	79963194	79963355	162	"*"	12	2.37507986637405	-0.572574836892682	-8.1293141690756	0.00516795865633075	0.0128782195548887	53193	53204	12	-0.246288705807525	"UC-N"	"hypo"
"117"	"chr18"	66004851	66005273	423	"*"	22	2.51376176618261	-0.304392720674683	-8.11513968204178	0.00516795865633075	0.0128782195548887	40102	40123	22	-0.121355526586518	"UC-N"	"hypo"
"118"	"chr18"	48947302	48947849	548	"*"	10	1.4027072492218	0.475906946988744	8.10287162384397	0.00516795865633075	0.0128782195548887	29886	29895	10	0.19337704552025	"UC-N"	"hyper"
"119"	"chr18"	34976040	34976145	106	"*"	9	1.41143767534204	0.372097451129564	8.01543237491359	0.00516795865633075	0.0128782195548887	22439	22447	9	0.158012716658964	"UC-N"	"hyper"
"120"	"chr18"	12776879	12777280	402	"*"	60	9.97711160165832	-0.380248858885788	-8.0134826406865	0.00516795865633075	0.0128782195548887	11202	11261	60	-0.158878882593134	"UC-N"	"hypo"
"121"	"chr18"	77133355	77133423	69	"*"	12	2.97726185351454	0.523031067733926	7.97714513821594	0.00516795865633075	0.0128782195548887	45508	45519	12	0.276262713692649	"UC-N"	"hyper"
"122"	"chr18"	79638833	79638898	66	"*"	12	1.32564914155848	0.431926755372766	7.96507208710458	0.00516795865633075	0.0128782195548887	51269	51280	12	0.209026766599423	"UC-N"	"hyper"
"123"	"chr18"	9709581	9709652	72	"*"	11	1.99766829453541	-0.367050885875128	-7.95419558191357	0.00516795865633075	0.0128782195548887	7282	7292	11	-0.162696276910395	"UC-N"	"hypo"
"124"	"chr18"	39359274	39359389	116	"*"	10	1.51631430038446	-0.400618289643909	-7.89346302598791	0.00516795865633075	0.0128782195548887	25222	25231	10	-0.149879291772608	"UC-N"	"hypo"
"125"	"chr18"	22349513	22349555	43	"*"	6	1.16851026226847	-0.377407337426865	-7.82428131190322	0.00775193798449612	0.0187136627906977	15629	15634	6	-0.18859377351171	"UC-N"	"hypo"
"126"	"chr18"	29897986	29898288	303	"*"	11	1.35709709120549	-0.360238849225464	-7.79773787517155	0.00775193798449612	0.0187136627906977	19638	19648	11	-0.112232762147018	"UC-N"	"hypo"
"127"	"chr18"	57838443	57838562	120	"*"	8	1.6240459974813	-0.468598367694111	-7.7948308792339	0.00775193798449612	0.0187136627906977	35321	35328	8	-0.20435418882554	"UC-N"	"hypo"
"128"	"chr18"	31591699	31591971	273	"*"	6	1.38009798787106	0.463648516851797	7.77264594354912	0.00775193798449612	0.0187136627906977	20438	20443	6	0.224697940962051	"UC-N"	"hyper"
"129"	"chr18"	77671569	77671712	144	"*"	20	2.41361164261211	-0.296346612255304	-7.6234573813137	0.0103359173126615	0.0247581275163752	45884	45903	20	-0.116255414342267	"UC-N"	"hypo"
"130"	"chr18"	10791548	10791670	123	"*"	6	1.49332057021113	-0.551777177473085	-7.5467130935067	0.0129198966408269	0.0304751760459199	8271	8276	6	-0.267376972707228	"UC-N"	"hypo"
"131"	"chr18"	80081675	80081801	127	"*"	6	0.978150437395538	-0.368255960345165	-7.54126536413667	0.0129198966408269	0.0304751760459199	53576	53581	6	-0.15567508997791	"UC-N"	"hypo"
"132"	"chr18"	21896919	21897194	276	"*"	18	3.21918635815142	-0.35159331325124	-7.50184215004869	0.0155038759689922	0.0360202832663053	15270	15287	18	-0.154830738942907	"UC-N"	"hypo"
"133"	"chr18"	37525144	37525215	72	"*"	7	1.14175100945049	-0.389036029737459	-7.48371034298344	0.0155038759689922	0.0360202832663053	24762	24768	7	-0.172281473693493	"UC-N"	"hypo"
"134"	"chr18"	22164148	22164745	598	"*"	10	1.39115023681318	0.414306227591857	7.43669846445766	0.0180878552971576	0.0417100543792665	15303	15312	10	0.15246683382706	"UC-N"	"hyper"
"135"	"chr18"	48934810	48935118	309	"*"	10	2.19774078917502	-0.443203085715653	-7.4042485723035	0.020671834625323	0.0449830767551043	29861	29870	10	-0.182128328626721	"UC-N"	"hypo"
"136"	"chr18"	34156529	34156656	128	"*"	5	0.684018505798293	-0.468364296979055	-7.33710787438778	0.020671834625323	0.0449830767551043	21940	21944	5	-0.131519335610974	"UC-N"	"hypo"
"137"	"chr18"	70288147	70288343	197	"*"	7	1.33208433520229	0.40215259412966	7.33122376978626	0.020671834625323	0.0449830767551043	41281	41287	7	0.171149450332507	"UC-N"	"hyper"
"138"	"chr18"	76787684	76788097	414	"*"	35	4.47320782075064	-0.293965565074638	-7.29724754604031	0.020671834625323	0.0449830767551043	44489	44523	35	-0.143191445249338	"UC-N"	"hypo"
"139"	"chr18"	77112350	77112458	109	"*"	11	2.48106912471775	-0.606341846794199	-7.28168602984889	0.020671834625323	0.0449830767551043	45394	45404	11	-0.243618889755757	"UC-N"	"hypo"
"140"	"chr18"	37273932	37274686	755	"*"	32	3.92440457739531	-0.277661802183894	-7.26777852917295	0.020671834625323	0.0449830767551043	24526	24557	32	-0.113568140635482	"UC-N"	"hypo"
"141"	"chr18"	50398598	50398653	56	"*"	5	1.26753243072082	-0.609673437078127	-7.22643831944796	0.020671834625323	0.0449830767551043	31479	31483	5	-0.252108625758963	"UC-N"	"hypo"
"142"	"chr18"	75938345	75938564	220	"*"	16	1.74936494156258	-0.285469268043875	-7.2251197308002	0.020671834625323	0.0449830767551043	43497	43512	16	-0.125750914051949	"UC-N"	"hypo"
"143"	"chr18"	31724855	31724937	83	"*"	6	0.683644191107306	-0.320006358262269	-7.13703984191767	0.0232558139534884	0.0502520735078875	20670	20675	6	-0.137878543628693	"UC-N"	"hypo"
"144"	"chr18"	77120378	77120472	95	"*"	6	0.630912562478538	-0.361342316167869	-7.09865193272156	0.0258397932816537	0.0554478897502153	45464	45469	6	-0.120367684721904	"UC-N"	"hypo"
"145"	"chr18"	39308876	39309183	308	"*"	19	2.18498266215273	-0.350552253809969	-7.0396955593669	0.0284237726098191	0.0605720395616145	25142	25160	19	-0.119773324603229	"UC-N"	"hypo"
"146"	"chr18"	21900746	21900787	42	"*"	6	1.36880444213026	0.510772421279843	7.02506152955374	0.0310077519379845	0.0656259955399809	15296	15301	6	0.228576538863535	"UC-N"	"hyper"
"147"	"chr18"	47250588	47251411	824	"*"	21	2.36141921036055	-0.239795992261102	-6.90378628717402	0.041343669250646	0.0813706611366217	28741	28761	21	-0.0807435607926792	"UC-N"	"hypo"
"148"	"chr18"	79825493	79826176	684	"*"	12	1.69312173763347	-0.41329186084635	-6.8736183285753	0.041343669250646	0.0813706611366217	52547	52558	12	-0.169429947696217	"UC-N"	"hypo"
"149"	"chr18"	713177	713270	94	"*"	13	3.22085449089924	0.484723900528751	6.87338376713443	0.041343669250646	0.0813706611366217	1165	1177	13	0.224168214900275	"UC-N"	"hyper"
"150"	"chr18"	8717904	8718625	722	"*"	12	2.25150795784181	0.323158633866292	6.87022329571119	0.041343669250646	0.0813706611366217	6275	6286	12	0.158087860720324	"UC-N"	"hyper"
"151"	"chr18"	80033338	80033433	96	"*"	10	1.54043512365995	-0.461422971647686	-6.78821283608434	0.041343669250646	0.0813706611366217	53382	53391	10	-0.144672103765105	"UC-N"	"hypo"
"152"	"chr18"	50660870	50661001	132	"*"	6	0.922341659864363	-0.433955536147256	-6.77370823940717	0.041343669250646	0.0813706611366217	31677	31682	6	-0.1679289257386	"UC-N"	"hypo"
"153"	"chr18"	3445100	3445177	78	"*"	7	0.879704315327316	-0.355645828148668	-6.75158733725451	0.041343669250646	0.0813706611366217	2872	2878	7	-0.123062124489154	"UC-N"	"hypo"
"154"	"chr18"	61333159	61333270	112	"*"	7	0.887016433483524	-0.353089843872089	-6.73838949993008	0.041343669250646	0.0813706611366217	37501	37507	7	-0.139874129369951	"UC-N"	"hypo"
"155"	"chr18"	66866508	66866578	71	"*"	7	1.01965487340701	-0.447544895506543	-6.69652617532971	0.041343669250646	0.0813706611366217	40237	40243	7	-0.145688768259168	"UC-N"	"hypo"
"156"	"chr18"	24076475	24076515	41	"*"	6	1.17248146844649	0.519568989803452	6.66905496199494	0.041343669250646	0.0813706611366217	17201	17206	6	0.208720180492895	"UC-N"	"hyper"
"157"	"chr18"	79443318	79443372	55	"*"	9	1.24740506122684	-0.432063282961157	-6.66523700454099	0.041343669250646	0.0813706611366217	49716	49724	9	-0.146867173684231	"UC-N"	"hypo"
"158"	"chr18"	58755359	58755604	246	"*"	7	1.28655580598631	0.438456171024153	6.61353347457077	0.0439276485788114	0.085909135511726	35867	35873	7	0.187752900499699	"UC-N"	"hyper"
"159"	"chr18"	78863073	78863146	74	"*"	9	1.6014736147825	-0.433716334334157	-6.59999840562117	0.0465116279069767	0.0903905221588416	47778	47786	9	-0.178383477818126	"UC-N"	"hypo"
"160"	"chr18"	8662531	8662731	201	"*"	12	1.68606720621686	0.29188933915067	6.55979801675058	0.0490956072351421	0.0942269728922914	6131	6142	12	0.148307248488435	"UC-N"	"hyper"
"161"	"chr18"	22173425	22173559	135	"*"	12	1.61340802143757	0.304304904567127	6.55442796833302	0.0490956072351421	0.0942269728922914	15429	15440	12	0.13512315304423	"UC-N"	"hyper"
"162"	"chr18"	31163084	31163224	141	"*"	8	1.20987100899519	-0.305537327700483	-6.50477356694392	0.0516795865633075	0.098574026222605	20283	20290	8	-0.146351904195417	"UC-N"	"hypo"
"163"	"chr18"	63317112	63317357	246	"*"	5	0.699262803513651	-0.335525098129534	-6.49728973657649	0.0542635658914729	0.102867741475246	38732	38736	5	-0.167960709227921	"UC-N"	"hypo"
"164"	"chr18"	12885570	12885661	92	"*"	6	0.996072924728398	-0.388945569135099	-6.48620341140698	0.0568475452196382	0.107109094346757	11384	11389	6	-0.180276344784554	"UC-N"	"hypo"
"165"	"chr18"	50729212	50729239	28	"*"	11	1.55722401196178	-0.407247659711315	-6.47699660921973	0.0594315245478036	0.110628560754646	31773	31783	11	-0.131190961518752	"UC-N"	"hypo"
"166"	"chr18"	26551596	26552205	610	"*"	5	0.736981911150487	-0.370170660817711	-6.4726343435731	0.0594315245478036	0.110628560754646	18829	18833	5	-0.164513948006903	"UC-N"	"hypo"
"167"	"chr18"	79068508	79068658	151	"*"	8	1.46268640482422	-0.560721233460695	-6.38246831838221	0.0671834625322997	0.114649175114291	48794	48801	8	-0.217786273744849	"UC-N"	"hypo"
"168"	"chr18"	50268318	50268723	406	"*"	44	4.797518544229	-0.328588331042028	-6.37684102862572	0.0671834625322997	0.114649175114291	30998	31041	44	-0.107887610756156	"UC-N"	"hypo"
"169"	"chr18"	12076436	12076528	93	"*"	21	4.01040798000652	-0.388596231815798	-6.36954639726795	0.0671834625322997	0.114649175114291	9676	9696	21	-0.195778610748302	"UC-N"	"hypo"
"170"	"chr18"	11147148	11147411	264	"*"	23	2.36498268222995	-0.260716884815845	-6.36436382519303	0.0671834625322997	0.114649175114291	8366	8388	23	-0.1198478628006	"UC-N"	"hypo"
"171"	"chr18"	59272790	59273074	285	"*"	7	0.991220999924639	-0.478223202254814	-6.33702334523398	0.0671834625322997	0.114649175114291	36616	36622	7	-0.161136104272889	"UC-N"	"hypo"
"172"	"chr18"	59761541	59761622	82	"*"	8	1.15188490741449	-0.392200871629368	-6.32060376957302	0.0671834625322997	0.114649175114291	37078	37085	8	-0.155885084953758	"UC-N"	"hypo"
"173"	"chr18"	51696774	51696963	190	"*"	10	1.28332152249091	-0.322553063430621	-6.30393905509893	0.0671834625322997	0.114649175114291	32379	32388	10	-0.122546648100128	"UC-N"	"hypo"
"174"	"chr18"	77133770	77133895	126	"*"	9	1.85720843596489	-0.42881014022379	-6.27948854824628	0.0671834625322997	0.114649175114291	45528	45536	9	-0.182918362061857	"UC-N"	"hypo"
"175"	"chr18"	35270988	35271197	210	"*"	6	0.959572538375449	-0.508573142137298	-6.24752764309068	0.0671834625322997	0.114649175114291	22828	22833	6	-0.176635282618828	"UC-N"	"hypo"
"176"	"chr18"	78910312	78910348	37	"*"	5	0.691475481503621	-0.382040012385489	-6.24654827554158	0.0671834625322997	0.114649175114291	47869	47873	5	-0.170551762159537	"UC-N"	"hypo"
"177"	"chr18"	31447651	31447783	133	"*"	10	1.89216796152098	0.353766724624053	6.23701630681082	0.0671834625322997	0.114649175114291	20341	20350	10	0.171455148576026	"UC-N"	"hyper"
"178"	"chr18"	76599078	76599395	318	"*"	24	3.88995078102928	-0.343184799363468	-6.21815888411719	0.0697674418604651	0.114649175114291	44162	44185	24	-0.159770338039473	"UC-N"	"hypo"
"179"	"chr18"	49562625	49562712	88	"*"	6	1.1460442558675	0.465208539690789	6.20734424311779	0.0697674418604651	0.114649175114291	30652	30657	6	0.175899669270664	"UC-N"	"hyper"
"180"	"chr18"	78506328	78506533	206	"*"	20	2.51377697985399	-0.221412379798905	-6.18270465595985	0.0697674418604651	0.114649175114291	46862	46881	20	-0.0819681994362271	"UC-N"	"hypo"
"181"	"chr18"	37567857	37567974	118	"*"	9	1.01324346578439	-0.290767599708013	-6.17815759151444	0.0697674418604651	0.114649175114291	24987	24995	9	-0.0905707038951523	"UC-N"	"hypo"
"182"	"chr18"	46176081	46176240	160	"*"	6	0.864187488746861	-0.343527090410063	-6.16903827306866	0.0697674418604651	0.114649175114291	27268	27273	6	-0.148793045838252	"UC-N"	"hypo"
"183"	"chr18"	33439874	33440042	169	"*"	8	1.24195703904044	0.329762795219118	6.16206532150886	0.0697674418604651	0.114649175114291	21690	21697	8	0.179506663616564	"UC-N"	"hyper"
"184"	"chr18"	31683657	31683779	123	"*"	5	0.833473375581563	-0.396104400571793	-6.16188906569887	0.0697674418604651	0.114649175114291	20479	20483	5	-0.174835145154142	"UC-N"	"hypo"
"185"	"chr18"	22175516	22175603	88	"*"	5	0.709844800163425	0.344799066575853	6.15607366311963	0.0723514211886305	0.114649175114291	15441	15445	5	0.174493621727465	"UC-N"	"hyper"
"186"	"chr18"	79953209	79953307	99	"*"	9	2.0388095896061	0.47360223974745	6.13917325619961	0.0723514211886305	0.114649175114291	53168	53176	9	0.215071226914543	"UC-N"	"hyper"
"187"	"chr18"	78861344	78861534	191	"*"	10	1.52661758114399	-0.308770637162564	-6.13806632651804	0.0723514211886305	0.114649175114291	47767	47776	10	-0.147818345225508	"UC-N"	"hypo"
"188"	"chr18"	48407775	48407867	93	"*"	10	1.68408869247497	-0.339945601783664	-6.13191954814401	0.0723514211886305	0.114649175114291	29399	29408	10	-0.150228125196157	"UC-N"	"hypo"
"189"	"chr18"	79986937	79987033	97	"*"	7	1.08797566831168	0.431955329336633	6.1042454132042	0.0723514211886305	0.114649175114291	53257	53263	7	0.199339698377339	"UC-N"	"hyper"
"190"	"chr18"	3712376	3712572	197	"*"	5	0.653528949926499	-0.402615992399434	-6.07070351553847	0.0723514211886305	0.114649175114291	3289	3293	5	-0.133927037186428	"UC-N"	"hypo"
"191"	"chr18"	519168	519291	124	"*"	7	1.42069858760659	-0.461239332086843	-6.06802008272159	0.0723514211886305	0.114649175114291	664	670	7	-0.208723301279547	"UC-N"	"hypo"
"192"	"chr18"	77114746	77114841	96	"*"	6	1.26539138088778	0.521278740064707	6.03129793013813	0.0723514211886305	0.114649175114291	45417	45422	6	0.198719408517105	"UC-N"	"hyper"
"193"	"chr18"	22177507	22178260	754	"*"	11	1.79626488613394	0.413701115492223	6.01814746274277	0.0723514211886305	0.114649175114291	15510	15520	11	0.189161144189905	"UC-N"	"hyper"
"194"	"chr18"	63932291	63932448	158	"*"	8	0.930760004539401	-0.303777628663277	-5.95480694952098	0.0723514211886305	0.114649175114291	39533	39540	8	-0.110973497533683	"UC-N"	"hypo"
"195"	"chr18"	36745171	36745292	122	"*"	5	1.21527333330784	-0.552313964542355	-5.93394878303374	0.0723514211886305	0.114649175114291	24192	24196	5	-0.236640239670073	"UC-N"	"hypo"
"196"	"chr18"	34709350	34709454	105	"*"	5	0.834629270893975	-0.495530032901238	-5.91960171138327	0.0749354005167959	0.11577519379845	22383	22387	5	-0.186928361307278	"UC-N"	"hypo"
"197"	"chr18"	77665463	77665529	67	"*"	8	1.24565500847631	0.365139563641827	5.90846345432835	0.0749354005167959	0.11577519379845	45818	45825	8	0.168653632111074	"UC-N"	"hyper"
"198"	"chr18"	79751643	79751843	201	"*"	10	1.64959188399518	0.347218276943688	5.90596628613185	0.0749354005167959	0.11577519379845	52091	52100	10	0.13130531725173	"UC-N"	"hyper"
"199"	"chr18"	54531120	54531180	61	"*"	5	1.81114861030318	-0.791769529746975	-5.90192830424596	0.0749354005167959	0.11577519379845	33046	33050	5	-0.365523178780682	"UC-N"	"hypo"
"200"	"chr18"	12041357	12041695	339	"*"	10	1.29855349003547	-0.314483879784295	-5.88400028340121	0.0749354005167959	0.11577519379845	9606	9615	10	-0.121695743529554	"UC-N"	"hypo"
"201"	"chr18"	79425400	79425473	74	"*"	8	1.93665422451292	0.445365029830289	5.85380454035699	0.0801033591731266	0.121930728987666	49500	49507	8	0.210711980201852	"UC-N"	"hyper"
"202"	"chr18"	29399188	29399254	67	"*"	8	0.808826782381484	-0.368742753277297	-5.84468306371123	0.0801033591731266	0.121930728987666	19553	19560	8	-0.114069360919441	"UC-N"	"hypo"
"203"	"chr18"	69026913	69027015	103	"*"	5	0.632417084772292	-0.371224633729689	-5.82773864179055	0.0801033591731266	0.121930728987666	40799	40803	5	-0.128639786962677	"UC-N"	"hypo"
"204"	"chr18"	2653871	2653999	129	"*"	5	0.649733837236077	-0.371483259044416	-5.81624630998272	0.082687338501292	0.125246998024016	1805	1809	5	-0.143094386218423	"UC-N"	"hypo"
"205"	"chr18"	24017541	24017607	67	"*"	6	0.783617642649859	-0.42423893412408	-5.78252911733194	0.0904392764857881	0.133074935400517	17186	17191	6	-0.175391302969597	"UC-N"	"hypo"
"206"	"chr18"	76486802	76486900	99	"*"	5	1.08435107997494	-0.431549571649759	-5.77517002074583	0.0904392764857881	0.133074935400517	43912	43916	5	-0.184288648113018	"UC-N"	"hypo"
"207"	"chr18"	4682022	4682268	247	"*"	8	0.916770067084428	-0.263789557413133	-5.77284308693821	0.0904392764857881	0.133074935400517	3689	3696	8	-0.126392892026772	"UC-N"	"hypo"
"208"	"chr18"	5047864	5048041	178	"*"	6	0.709573241770633	-0.323198908394543	-5.77160418306796	0.0904392764857881	0.133074935400517	3782	3787	6	-0.13116075404668	"UC-N"	"hypo"
"209"	"chr18"	14613641	14613763	123	"*"	6	0.924963871649972	-0.391953881858019	-5.74609998814672	0.0904392764857881	0.133074935400517	13878	13883	6	-0.151344210106706	"UC-N"	"hypo"
"210"	"chr18"	48919054	48919136	83	"*"	5	0.697610429884485	-0.481814201862105	-5.72535181739308	0.0904392764857881	0.133074935400517	29784	29788	5	-0.125542871416265	"UC-N"	"hypo"
"211"	"chr18"	55839872	55840038	167	"*"	9	1.21036776566637	-0.330213724024166	-5.72192052509727	0.0930232558139535	0.136228369888681	33647	33655	9	-0.128733604072318	"UC-N"	"hypo"
"212"	"chr18"	14361269	14361338	70	"*"	5	0.75849113050235	-0.476560313642526	-5.69672599745492	0.10077519379845	0.14416451335056	13450	13454	5	-0.175981602256432	"UC-N"	"hypo"
"213"	"chr18"	3499815	3499874	60	"*"	5	1.29947866111375	-0.579610712602069	-5.68243468704786	0.10077519379845	0.14416451335056	3220	3224	5	-0.272089916555782	"UC-N"	"hypo"
"214"	"chr18"	29723550	29723673	124	"*"	12	1.21681724462307	-0.336366467534475	-5.66751249671403	0.10077519379845	0.14416451335056	19568	19579	12	-0.0981389803653552	"UC-N"	"hypo"
"215"	"chr18"	78426342	78426408	67	"*"	12	2.41521291266307	0.413829520979659	5.63628936947809	0.10077519379845	0.14416451335056	46719	46730	12	0.192062741421589	"UC-N"	"hyper"
"216"	"chr18"	46072663	46072706	44	"*"	12	1.27511204572629	0.265854677959183	5.62878590351066	0.10077519379845	0.14416451335056	26813	26824	12	0.0965261506991567	"UC-N"	"hyper"
"217"	"chr18"	72867077	72868692	1616	"*"	13	1.59001402442316	-0.370259943012289	-5.60266012947459	0.103359173126615	0.147179652055871	41822	41834	13	-0.132137422595369	"UC-N"	"hypo"
"218"	"chr18"	58449743	58449821	79	"*"	6	0.773850290072375	-0.289597315911614	-5.53915559381132	0.111111111111111	0.157492354740061	35683	35688	6	-0.124451809011459	"UC-N"	"hypo"
"219"	"chr18"	59695755	59695850	96	"*"	8	1.13121731560676	0.310607307096861	5.49714000076371	0.113695090439276	0.160419100208842	36849	36856	8	0.14197651435815	"UC-N"	"hyper"
"220"	"chr18"	63362787	63362845	59	"*"	5	0.679601723701885	0.374176672851263	5.48235725924481	0.116279069767442	0.163319238900634	38956	38960	5	0.139852742229518	"UC-N"	"hyper"
"221"	"chr18"	13261965	13262085	121	"*"	6	1.34469205447703	-0.49793907709037	-5.43650396263312	0.118863049095607	0.164702610630236	12120	12125	6	-0.228200005237161	"UC-N"	"hypo"
"222"	"chr18"	55401691	55401845	155	"*"	6	0.66904140913079	0.241034336006306	5.43399793474868	0.118863049095607	0.164702610630236	33353	33358	6	0.124872550465717	"UC-N"	"hyper"
"223"	"chr18"	11751296	11751345	50	"*"	10	1.16114112056934	-0.330789485408656	-5.39975437786706	0.118863049095607	0.164702610630236	8786	8795	10	-0.126084168110357	"UC-N"	"hypo"
"224"	"chr18"	37259049	37259181	133	"*"	15	1.79989087266767	0.258392226355949	5.37587487643969	0.126614987080103	0.174660852713178	24502	24516	15	0.102219983236491	"UC-N"	"hyper"
"225"	"chr18"	78699709	78699898	190	"*"	12	2.05153004013612	0.292029509429509	5.36393297514799	0.129198966408269	0.175098599211206	47173	47184	12	0.167651463527619	"UC-N"	"hyper"
"226"	"chr18"	497720	497889	170	"*"	10	1.10926809541308	0.277670069704012	5.35859462072034	0.129198966408269	0.175098599211206	511	520	10	0.128647304887045	"UC-N"	"hyper"
"227"	"chr18"	31317930	31318382	453	"*"	8	0.854728867916083	-0.244208585912077	-5.33638574099966	0.129198966408269	0.175098599211206	20306	20313	8	-0.103253411239613	"UC-N"	"hypo"
"228"	"chr18"	3726858	3726935	78	"*"	5	0.761733287233065	0.329819097604057	5.32695881943169	0.129198966408269	0.175098599211206	3294	3298	5	0.149646083461369	"UC-N"	"hyper"
"229"	"chr18"	31492778	31492951	174	"*"	7	0.80140105268401	-0.362214857201473	-5.31918402852227	0.131782945736434	0.177820656037372	20358	20364	7	-0.118106192436047	"UC-N"	"hypo"
"230"	"chr18"	10453934	10454023	90	"*"	6	0.86040609768334	0.459361610710624	5.27273037046992	0.134366925064599	0.180519042804179	7771	7776	6	0.20611396937303	"UC-N"	"hyper"
"231"	"chr18"	12376108	12376212	105	"*"	12	1.51934072055466	0.298809250265464	5.18326854332456	0.147286821705426	0.195328875137239	10313	10324	12	0.122411555969228	"UC-N"	"hyper"
"232"	"chr18"	31043992	31044205	214	"*"	7	0.743971347774972	-0.273940983345554	-5.18119939151071	0.147286821705426	0.195328875137239	20127	20133	7	-0.123083026266061	"UC-N"	"hypo"
"233"	"chr18"	57208229	57208340	112	"*"	6	1.16810297754551	0.320901777719476	5.18028290581236	0.147286821705426	0.195328875137239	34134	34139	6	0.166155143814782	"UC-N"	"hyper"
"234"	"chr18"	3457314	3457984	671	"*"	6	1.24864399709333	0.433985233651169	5.14591799450062	0.152454780361757	0.197106808082774	3122	3127	6	0.193837305480928	"UC-N"	"hyper"
"235"	"chr18"	57123083	57123162	80	"*"	8	1.13863486583149	0.291152274924193	5.14522423272183	0.152454780361757	0.197106808082774	34066	34073	8	0.129247572017172	"UC-N"	"hyper"
"236"	"chr18"	48922961	48922986	26	"*"	8	0.848237008262027	0.276038342133284	5.14373453841059	0.152454780361757	0.197106808082774	29837	29844	8	0.0834571131145661	"UC-N"	"hyper"
"237"	"chr18"	14463641	14463816	176	"*"	5	0.631180106335861	-0.352193395497789	-5.12049207961437	0.152454780361757	0.197106808082774	13782	13786	5	-0.120167037583555	"UC-N"	"hypo"
"238"	"chr18"	63585875	63585953	79	"*"	6	0.957651791633992	-0.392260917740916	-5.0829001775284	0.152454780361757	0.197106808082774	39361	39366	6	-0.154793421988024	"UC-N"	"hypo"
"239"	"chr18"	79526228	79526338	111	"*"	6	1.5693350740878	0.575062963803118	5.07491328391698	0.152454780361757	0.197106808082774	50747	50752	6	0.300620243450124	"UC-N"	"hyper"
"240"	"chr18"	13264537	13264647	111	"*"	7	0.790421826033791	-0.243313628485779	-5.03985619978635	0.155038759689922	0.199612403100775	12154	12160	7	-0.0889692382247457	"UC-N"	"hypo"
"241"	"chr18"	59276296	59276345	50	"*"	6	0.793872046688983	-0.310833929535321	-4.95618100487852	0.167958656330749	0.215349480523658	36684	36689	6	-0.12606125851278	"UC-N"	"hypo"
"242"	"chr18"	78867659	78867738	80	"*"	6	1.04893263227573	0.352445420065124	4.93283512242179	0.17312661498708	0.219246409963147	47796	47801	6	0.152012378629941	"UC-N"	"hyper"
"243"	"chr18"	1296860	1296948	89	"*"	5	0.593457613739856	-0.3310583090318	-4.86124583810663	0.17312661498708	0.219246409963147	1597	1601	5	-0.131501766283786	"UC-N"	"hypo"
"244"	"chr18"	10456118	10456261	144	"*"	5	0.524167101639024	0.307539772047533	4.83262753799431	0.17312661498708	0.219246409963147	7849	7853	5	0.145074861747753	"UC-N"	"hyper"
"245"	"chr18"	79415681	79415763	83	"*"	8	1.04995291405193	0.302339198839434	4.78369618506193	0.178294573643411	0.224869482676792	49441	49448	8	0.128660356874744	"UC-N"	"hyper"
"246"	"chr18"	76349458	76349531	74	"*"	6	1.0860897674029	0.417545495986506	4.76592723659885	0.180878552971576	0.227201109220395	43550	43555	6	0.173743855656624	"UC-N"	"hyper"
"247"	"chr18"	15003735	15003797	63	"*"	5	0.540021777367335	-0.362610070763041	-4.74672289691403	0.183462532299742	0.229513856196843	14133	14137	5	-0.100410470669345	"UC-N"	"hypo"
"248"	"chr18"	13136249	13136269	21	"*"	7	0.896734018737187	-0.403264937640318	-4.73983747416322	0.186046511627907	0.231807951987997	11888	11894	7	-0.166415182287554	"UC-N"	"hypo"
"249"	"chr18"	6413850	6413962	113	"*"	8	1.24194176368707	0.288043996244944	4.72238665195972	0.188630490956072	0.234083621306933	4784	4791	8	0.126839177419765	"UC-N"	"hyper"
"250"	"chr18"	52809327	52809540	214	"*"	6	0.728953959862345	-0.288585855692894	-4.70079638904879	0.193798449612403	0.23858056147503	32720	32725	6	-0.114035969197224	"UC-N"	"hypo"
"251"	"chr18"	35949451	35949498	48	"*"	5	0.559520407101785	0.281095201052056	4.69737914443702	0.193798449612403	0.23858056147503	23401	23405	5	0.130640539920187	"UC-N"	"hyper"
"252"	"chr18"	7038748	7038881	134	"*"	16	1.65591338321267	0.216759297864332	4.66201799592778	0.198966408268734	0.243970714900947	5192	5207	16	0.0888500369298692	"UC-N"	"hyper"
"253"	"chr18"	61490754	61490827	74	"*"	5	0.538958722070492	-0.436470310858817	-4.64976394052453	0.201550387596899	0.245193188060795	37625	37629	5	-0.113893350063026	"UC-N"	"hypo"
"254"	"chr18"	73497	73706	210	"*"	20	2.12697804992062	-0.306738574706409	-4.63810032958157	0.201550387596899	0.245193188060795	139	158	20	-0.156406072792357	"UC-N"	"hypo"
"255"	"chr18"	44320851	44321046	196	"*"	7	0.887107676191256	-0.310042342147969	-4.49520805683523	0.227390180878553	0.273399089071879	25855	25861	7	-0.126184832184763	"UC-N"	"hypo"
"256"	"chr18"	615926	616089	164	"*"	7	1.1685470586893	0.285496830177297	4.48058762470058	0.227390180878553	0.273399089071879	791	797	7	0.100005847916308	"UC-N"	"hyper"
"257"	"chr18"	39529925	39530017	93	"*"	5	0.75783218483083	-0.395538621455951	-4.47899366623513	0.227390180878553	0.273399089071879	25233	25237	5	-0.162029540915695	"UC-N"	"hypo"
"258"	"chr18"	22347053	22347207	155	"*"	13	1.74697404752905	0.201260246342549	4.46881378735048	0.232558139534884	0.278528934559221	15590	15602	13	0.0905719143325418	"UC-N"	"hyper"
"259"	"chr18"	46915708	46915946	239	"*"	8	1.0048481710467	0.258302058206228	4.44868538023564	0.235142118863049	0.280536350303792	27905	27912	8	0.116277566695405	"UC-N"	"hyper"
"260"	"chr18"	79626828	79626881	54	"*"	9	0.926944579013577	-0.245357023836673	-4.39126445617469	0.248062015503876	0.292561690040831	51167	51175	9	-0.0983589139491428	"UC-N"	"hypo"
"261"	"chr18"	79632482	79632545	64	"*"	6	0.826790539200666	-0.398072563490819	-4.38071820141691	0.248062015503876	0.292561690040831	51205	51210	6	-0.139420723138069	"UC-N"	"hypo"
"262"	"chr18"	46759495	46760126	632	"*"	6	1.05449650915644	0.332558783990209	4.36523711731244	0.248062015503876	0.292561690040831	27881	27886	6	0.14923839711807	"UC-N"	"hyper"
"263"	"chr18"	31625293	31625443	151	"*"	13	1.87882604106064	0.2539059152386	4.34915070572902	0.250645994832041	0.294485218262741	20461	20473	13	0.0976336829244344	"UC-N"	"hyper"
"264"	"chr18"	77968448	77968543	96	"*"	5	0.611714113805755	-0.316720392803886	-4.32683601263328	0.258397932816537	0.295722078667815	46091	46095	5	-0.109253040579991	"UC-N"	"hypo"
"265"	"chr18"	62714360	62714471	112	"*"	5	0.692843186171381	-0.277508717770384	-4.31583206263342	0.258397932816537	0.295722078667815	38508	38512	5	-0.119402185697	"UC-N"	"hypo"
"266"	"chr18"	49812554	49812642	89	"*"	7	0.837175107590075	0.256299687428016	4.31233184707567	0.258397932816537	0.295722078667815	30682	30688	7	0.0937311191757192	"UC-N"	"hyper"
"267"	"chr18"	27226117	27226148	32	"*"	6	0.767677252496113	-0.276668635707647	-4.30465352007919	0.258397932816537	0.295722078667815	19245	19250	6	-0.0939760740150802	"UC-N"	"hypo"
"268"	"chr18"	50374477	50374583	107	"*"	5	1.4172084611597	0.519924571551226	4.27849138147476	0.258397932816537	0.295722078667815	31403	31407	5	0.293796807781716	"UC-N"	"hyper"
"269"	"chr18"	12304720	12304882	163	"*"	5	0.90941487885575	0.423983455630211	4.27642097973765	0.258397932816537	0.295722078667815	10082	10086	5	0.182076522722085	"UC-N"	"hyper"
"270"	"chr18"	50401209	50401538	330	"*"	10	1.18648417111298	-0.240301800878476	-4.27508440126866	0.258397932816537	0.295722078667815	31484	31493	10	-0.111088242936377	"UC-N"	"hypo"
"271"	"chr18"	4456154	4456290	137	"*"	5	0.684393817698473	-0.297988551471262	-4.20789146989189	0.266149870801034	0.301246557060511	3667	3671	5	-0.126451081828733	"UC-N"	"hypo"
"272"	"chr18"	14752561	14752705	145	"*"	5	0.611998305167273	-0.274635871746391	-4.19157623079777	0.266149870801034	0.301246557060511	14017	14021	5	-0.130103043400791	"UC-N"	"hypo"
"273"	"chr18"	7012396	7012419	24	"*"	5	0.525046325309844	-0.340114349316826	-4.18552778531072	0.266149870801034	0.301246557060511	5151	5155	5	-0.110936610765913	"UC-N"	"hypo"
"274"	"chr18"	75915963	75916005	43	"*"	7	0.795604545950679	-0.28048457807099	-4.12181609631	0.27390180878553	0.308889266112148	43445	43451	7	-0.125932624207381	"UC-N"	"hypo"
"275"	"chr18"	21131662	21131729	68	"*"	5	0.570926941658589	-0.33849673287136	-4.09980159182063	0.276485788113695	0.309543871475115	14573	14577	5	-0.101154465589035	"UC-N"	"hypo"
"276"	"chr18"	66006323	66006481	159	"*"	5	0.849072483293858	-0.446045454441294	-4.09961134981944	0.276485788113695	0.309543871475115	40139	40143	5	-0.155668693614661	"UC-N"	"hypo"
"277"	"chr18"	78973512	78973573	62	"*"	8	1.43817837845141	-0.456010560137075	-4.06078686019961	0.281653746770026	0.313061178963806	48263	48270	8	-0.161010050916982	"UC-N"	"hypo"
"278"	"chr18"	79724902	79724961	60	"*"	8	1.1867504678488	-0.218001752226475	-4.03586971983031	0.281653746770026	0.313061178963806	51841	51848	8	-0.0670747709280633	"UC-N"	"hypo"
"279"	"chr18"	12306781	12306814	34	"*"	7	1.03586364496464	0.356345471708085	3.96241206133015	0.291989664082687	0.322231450719823	10088	10094	7	0.16898922189898	"UC-N"	"hyper"
"280"	"chr18"	74458254	74458411	158	"*"	11	1.94460855715584	0.386377382323006	3.95215802063982	0.291989664082687	0.322231450719823	42412	42422	11	0.173158385848433	"UC-N"	"hyper"
"281"	"chr18"	37275509	37275531	23	"*"	8	1.68602446508794	-0.307695455352061	-3.92322584877523	0.297157622739018	0.32676763496924	24562	24569	8	-0.147580918950712	"UC-N"	"hypo"
"282"	"chr18"	79524462	79524520	59	"*"	5	1.54788043562469	-0.728088475169001	-3.87895989179205	0.302325581395349	0.331271647699159	50725	50729	5	-0.29062307433949	"UC-N"	"hypo"
"283"	"chr18"	13260399	13260531	133	"*"	5	0.724605397174208	-0.259126076124607	-3.86516549375559	0.304909560723514	0.332922453228148	12115	12119	5	-0.117195588486924	"UC-N"	"hypo"
"284"	"chr18"	27224729	27224898	170	"*"	6	0.814510217873127	-0.432526913245971	-3.83707439197513	0.30749354005168	0.333387732898137	19227	19232	6	-0.171542780761591	"UC-N"	"hypo"
"285"	"chr18"	32769101	32769183	83	"*"	6	1.08180564833313	-0.322303482387924	-3.83515178803784	0.30749354005168	0.333387732898137	21421	21426	6	-0.146246565936495	"UC-N"	"hypo"
"286"	"chr18"	58252290	58252402	113	"*"	6	0.679883906770184	0.232346035821629	3.78213113699561	0.325581395348837	0.351764514555212	35584	35589	6	0.108860348702176	"UC-N"	"hyper"
"287"	"chr18"	66270217	66270401	185	"*"	12	1.55374500429815	-0.282782012703358	-3.76986891281127	0.328165374677003	0.353320908624369	40177	40188	12	-0.110056267404234	"UC-N"	"hypo"
"288"	"chr18"	50449192	50449417	226	"*"	7	1.07120777427856	-0.37391929686462	-3.67551425383273	0.348837209302326	0.374273255813954	31547	31553	7	-0.191056013063715	"UC-N"	"hypo"
"289"	"chr18"	36189272	36189455	184	"*"	6	0.614593460582679	-0.353943496388811	-3.67368775380695	0.351421188630491	0.375740994072047	24090	24095	6	-0.127320464016504	"UC-N"	"hypo"
"290"	"chr18"	47261137	47261214	78	"*"	5	0.8168940463771	-0.462769355444475	-3.65776436251332	0.354005167958656	0.377198609997327	28907	28911	5	-0.155332608842322	"UC-N"	"hypo"
"291"	"chr18"	78393703	78393780	78	"*"	8	1.14128482979392	0.277626888251903	3.62698282615617	0.366925064599483	0.389621460347905	46643	46650	8	0.116275395707101	"UC-N"	"hyper"
"292"	"chr18"	15198126	15198310	185	"*"	21	2.14474902761138	-0.313010498996788	-3.61895880964427	0.369509043927649	0.389687012196735	14271	14291	21	-0.115281468907861	"UC-N"	"hypo"
"293"	"chr18"	37483322	37483386	65	"*"	9	0.990493976203006	0.223859484530625	3.61838613977082	0.369509043927649	0.389687012196735	24672	24680	9	0.0964841292531516	"UC-N"	"hyper"
"294"	"chr18"	38944851	38944945	95	"*"	6	0.847411256945404	-0.381799705053203	-3.5770484038368	0.37984496124031	0.39922480620155	25110	25115	6	-0.129577953253491	"UC-N"	"hypo"
"295"	"chr18"	15001827	15001924	98	"*"	7	0.894987358858436	-0.227067751707787	-3.48068493868203	0.395348837209302	0.414111154907371	14125	14131	7	-0.0800676648721242	"UC-N"	"hypo"
"296"	"chr18"	47245883	47246006	124	"*"	6	0.747132227793301	-0.168308531765093	-3.33091665102718	0.444444444444444	0.463963963963964	28592	28597	6	-0.101470792748879	"UC-N"	"hypo"
"297"	"chr18"	635338	635376	39	"*"	6	0.850107125831152	0.252857549945679	3.26606806206152	0.472868217054264	0.491974003601911	803	808	6	0.0859914142535501	"UC-N"	"hyper"
"298"	"chr18"	30788770	30788924	155	"*"	7	0.707722580297851	-0.230177732067185	-3.20336884274844	0.498708010335917	0.515387208006015	19755	19761	7	-0.0879655751936614	"UC-N"	"hypo"
"299"	"chr18"	31720612	31720745	134	"*"	5	0.730918082633564	-0.344231406787072	-3.1806658579238	0.498708010335917	0.515387208006015	20586	20590	5	-0.125664996141508	"UC-N"	"hypo"
"300"	"chr18"	68722149	68722306	158	"*"	5	0.612983317147798	-0.254643601925894	-2.99064722794649	0.527131782945736	0.542945736434109	40654	40658	5	-0.102720690113799	"UC-N"	"hypo"
"301"	"chr18"	46069193	46069220	28	"*"	5	0.786933331718167	-0.317971855335086	-2.78975765829874	0.578811369509044	0.594195060393005	26681	26685	5	-0.116694492074174	"UC-N"	"hypo"
"302"	"chr18"	10472957	10473053	97	"*"	6	0.660316467489048	-0.225507775211056	-2.75242290104913	0.589147286821705	0.602803018635454	7913	7918	6	-0.0580617996139124	"UC-N"	"hypo"
"303"	"chr18"	79460748	79460788	41	"*"	6	1.11039890757642	-0.422969037969527	-2.67443271095407	0.604651162790698	0.616624453142989	49942	49947	6	-0.149035833626553	"UC-N"	"hypo"
"304"	"chr18"	9910958	9911142	185	"*"	5	0.664310360120437	-0.207993308488378	-2.61002425667919	0.627906976744186	0.638234394124847	7330	7334	5	-0.120472135039654	"UC-N"	"hypo"
"305"	"chr18"	37398020	37398129	110	"*"	5	0.567910963444764	0.254669773809314	2.49214095167203	0.664082687338501	0.672791968483924	24660	24664	5	0.111571711688726	"UC-N"	"hyper"
"306"	"chr18"	39618650	39618766	117	"*"	5	0.503782603041459	-0.225397325525681	-2.4724232276455	0.669250645994832	0.675811926837919	25247	25251	5	-0.0979656684100381	"UC-N"	"hypo"
"307"	"chr18"	33820644	33820760	117	"*"	13	2.49163916222162	0.270540878001356	1.7274614498694	0.863049095607235	0.865851203060505	21921	21933	13	0.142081786881498	"UC-N"	"hyper"
"308"	"chr18"	10603897	10603959	63	"*"	5	0.625557856504523	-0.244640987020576	-1.69157862178232	0.863049095607235	0.865851203060505	8111	8115	5	-0.0953075076851185	"UC-N"	"hypo"
"309"	"chr18"	12073414	12073463	50	"*"	8	1.76298311217217	-0.029546819712882	-0.749489416488196	0.96640826873385	0.96640826873385	9653	9660	8	-0.012014764816269	"UC-N"	"hypo"
